BTC Price,BTC Max,BTC Min,BTC Vol,ETH Price,ETH Max,ETH Min,ETH Vol,XRP Price,XRP Max,XRP Min,XRP Vol,LTC Price,LTC Max,LTC Min,LTC Vol
454.4 ,461.0 ,437.0 ,"2,783.6 ",296.4 ,0.9 ,0.9 ,0.8 ,37.3 ,0.0 ,0.0 ,0.0 ,2.3 ,3.5 ,3.7 ,3.5 
419.5 ,443.0 ,409.0 ,"11,134.3 ",44.6 ,0.9 ,0.9 ,0.9 ,0.0 ,0.0 ,0.0 ,0.0 ,148.8 ,3.4 ,3.7 ,3.3 
427.4 ,431.2 ,417.0 ,"4,692.0 ",37.9 ,0.9 ,0.9 ,0.9 ,11.0 ,0.0 ,0.0 ,0.0 ,14.9 ,3.5 ,3.5 ,3.5 
424.5 ,431.7 ,417.0 ,"5,043.4 ",396.4 ,0.8 ,0.9 ,0.8 ,0.0 ,0.0 ,0.0 ,0.0 ,"1,653.4 ",3.5 ,3.6 ,3.5 
427.8 ,437.1 ,421.5 ,"1,861.8 ",115.9 ,0.9 ,0.9 ,0.8 ,59.0 ,0.0 ,0.0 ,0.0 ,198.9 ,3.4 ,3.6 ,3.4 
417.0 ,430.9 ,417.0 ,"4,994.6 ","3,965.6 ",0.9 ,1.0 ,0.9 ,0.0 ,0.0 ,0.0 ,0.0 ,8.5 ,3.6 ,3.6 ,3.4 
433.0 ,433.0 ,417.6 ,"1,112.9 ",19.0 ,0.9 ,1.0 ,0.9 ,1.2 ,0.0 ,0.0 ,0.0 ,0.0 ,3.6 ,0.0 ,0.0 
432.2 ,438.1 ,428.3 ,"3,018.8 ",33.6 ,1.0 ,1.0 ,0.9 ,0.0 ,0.0 ,0.0 ,0.0 ,0.0 ,3.6 ,0.0 ,0.0 
426.5 ,437.4 ,426.5 ,928.3 ,128.6 ,1.0 ,1.0 ,1.0 ,3.1 ,0.0 ,0.0 ,0.0 ,2.8 ,3.4 ,3.6 ,3.4 
429.6 ,435.7 ,426.5 ,706.8 ,342.7 ,1.0 ,1.0 ,1.0 ,0.1 ,0.0 ,0.0 ,0.0 ,0.1 ,3.4 ,3.4 ,3.4 
430.7 ,436.0 ,429.6 ,474.8 ,128.1 ,0.9 ,1.0 ,0.9 ,0.0 ,0.0 ,0.0 ,0.0 ,0.0 ,3.6 ,3.6 ,3.6 
430.3 ,433.8 ,427.7 ,"1,051.4 ",272.2 ,0.9 ,1.0 ,0.9 ,13.1 ,0.0 ,0.0 ,0.0 ,0.0 ,3.4 ,3.4 ,3.4 
447.9 ,448.0 ,427.3 ,"5,445.3 ",185.5 ,0.9 ,1.0 ,0.9 ,0.0 ,0.0 ,0.0 ,0.0 ,9.4 ,3.5 ,3.5 ,3.4 
453.1 ,468.0 ,447.0 ,"8,953.5 ",490.0 ,1.0 ,1.0 ,0.9 ,85.8 ,0.0 ,0.0 ,0.0 ,147.5 ,3.6 ,3.6 ,3.5 
452.8 ,460.0 ,447.0 ,"2,500.6 ",205.8 ,1.0 ,1.0 ,0.9 ,65.4 ,0.0 ,0.0 ,0.0 ,0.5 ,3.5 ,3.5 ,3.5 
447.0 ,454.0 ,445.0 ,"6,016.8 ",44.4 ,1.0 ,1.0 ,1.0 ,0.0 ,0.0 ,0.0 ,0.0 ,1.2 ,3.5 ,3.6 ,3.5 
447.1 ,455.7 ,440.0 ,"7,102.4 ","1,661.1 ",1.0 ,1.1 ,1.0 ,0.0 ,0.0 ,0.0 ,0.0 ,0.3 ,3.6 ,3.6 ,3.5 
446.1 ,451.3 ,444.9 ,"6,078.9 ","1,964.6 ",1.1 ,1.2 ,1.0 ,0.3 ,0.0 ,0.0 ,0.0 ,4.2 ,3.5 ,3.5 ,3.5 
439.7 ,448.6 ,424.0 ,"10,934.7 ","2,154.4 ",1.1 ,1.3 ,1.1 ,0.0 ,0.0 ,0.0 ,0.0 ,76.5 ,3.4 ,3.6 ,3.4 
427.4 ,438.7 ,424.0 ,"5,188.0 ",511.8 ,1.1 ,1.1 ,1.1 ,6.0 ,0.0 ,0.0 ,0.0 ,0.0 ,3.4 ,0.0 ,0.0 
407.7 ,434.1 ,406.0 ,"7,694.4 ",269.3 ,1.2 ,1.3 ,1.1 ,67.7 ,0.0 ,0.0 ,0.0 ,14.6 ,3.4 ,3.6 ,3.4 
367.7 ,409.5 ,333.6 ,"29,079.4 ","2,063.7 ",1.2 ,1.3 ,1.1 ,73.2 ,0.0 ,0.0 ,0.0 ,"1,714.2 ",3.0 ,3.5 ,2.8 
377.6 ,394.1 ,358.2 ,"17,438.5 ",621.0 ,1.2 ,1.3 ,1.1 ,4.0 ,0.0 ,0.0 ,0.0 ,0.9 ,3.0 ,3.1 ,2.9 
374.0 ,390.0 ,367.1 ,"11,304.1 ","1,510.7 ",1.4 ,1.4 ,1.2 ,0.9 ,0.0 ,0.0 ,0.0 ,705.7 ,2.9 ,3.1 ,2.9 
383.2 ,399.9 ,374.0 ,"23,936.3 ","9,848.4 ",1.4 ,1.6 ,1.3 ,0.6 ,0.0 ,0.0 ,0.0 ,0.2 ,3.1 ,3.1 ,2.9 
389.0 ,389.2 ,376.7 ,"3,998.5 ",706.9 ,1.3 ,1.4 ,1.3 ,94.2 ,0.0 ,0.0 ,0.0 ,55.8 ,3.0 ,3.1 ,3.0 
416.2 ,422.9 ,378.2 ,"18,517.8 ","5,595.4 ",1.5 ,1.7 ,1.4 ,22.3 ,0.0 ,0.0 ,0.0 ,47.6 ,3.2 ,3.4 ,3.1 
400.4 ,420.0 ,389.0 ,"4,267.2 ",879.9 ,1.5 ,1.6 ,1.5 ,0.0 ,0.0 ,0.0 ,0.0 ,48.7 ,3.2 ,3.3 ,3.2 
391.7 ,404.1 ,375.0 ,"9,220.5 ","1,714.7 ",1.7 ,1.8 ,1.5 ,27.7 ,0.0 ,0.0 ,0.0 ,410.9 ,3.1 ,3.2 ,3.0 
392.5 ,404.4 ,378.8 ,"16,813.0 ","9,016.6 ",2.2 ,2.2 ,1.7 ,56.3 ,0.0 ,0.0 ,0.0 ,14.1 ,3.1 ,3.2 ,3.1 
399.2 ,407.9 ,392.9 ,"7,822.7 ","8,629.4 ",2.1 ,2.3 ,1.8 ,111.5 ,0.0 ,0.0 ,0.0 ,13.2 ,3.1 ,3.2 ,3.1 
387.2 ,403.9 ,384.9 ,"18,314.2 ","14,850.7 ",2.7 ,2.8 ,1.8 ,16.0 ,0.0 ,0.0 ,0.0 ,"1,028.4 ",3.1 ,3.2 ,3.0 
392.1 ,401.2 ,384.3 ,"19,373.7 ","10,727.8 ",2.3 ,2.9 ,2.0 ,289.3 ,0.0 ,0.0 ,0.0 ,"3,226.9 ",3.2 ,3.3 ,3.0 
381.6 ,398.3 ,374.7 ,"12,586.9 ","2,925.9 ",2.4 ,2.5 ,2.2 ,784.5 ,0.0 ,0.0 ,0.0 ,812.3 ,3.1 ,3.3 ,3.1 
370.3 ,384.8 ,357.6 ,"12,041.6 ","5,745.9 ",2.6 ,2.8 ,2.4 ,32.3 ,0.0 ,0.0 ,0.0 ,321.0 ,3.1 ,3.2 ,3.0 
376.1 ,381.0 ,368.8 ,"4,792.4 ","2,068.1 ",2.5 ,2.6 ,2.3 ,150.4 ,0.0 ,0.0 ,0.0 ,111.8 ,3.0 ,3.1 ,3.0 
377.2 ,380.5 ,371.2 ,"1,398.2 ",208.8 ,2.4 ,2.6 ,2.4 ,117.2 ,0.0 ,0.0 ,0.0 ,0.3 ,3.0 ,3.1 ,3.0 
364.6 ,380.3 ,362.6 ,"12,949.5 ","2,383.2 ",2.1 ,2.5 ,2.1 ,1.3 ,0.0 ,0.0 ,0.0 ,8.6 ,3.0 ,3.0 ,3.0 
376.0 ,380.1 ,360.5 ,"10,053.0 ","4,133.8 ",2.1 ,2.3 ,2.1 ,36.1 ,0.0 ,0.0 ,0.0 ,0.0 ,3.0 ,3.0 ,3.0 
368.7 ,377.1 ,351.9 ,"10,802.2 ","12,697.1 ",2.2 ,2.5 ,2.1 ,2.0 ,0.0 ,0.0 ,0.0 ,329.6 ,3.0 ,3.1 ,3.0 
371.0 ,373.0 ,358.5 ,"8,203.8 ","7,813.1 ",2.6 ,2.6 ,2.4 ,1.8 ,0.0 ,0.0 ,0.0 ,9.3 ,3.1 ,3.1 ,3.0 
389.0 ,392.0 ,365.0 ,"17,649.2 ","10,731.1 ",2.5 ,2.6 ,2.4 ,5.6 ,0.0 ,0.0 ,0.0 ,35.8 ,3.2 ,3.2 ,3.0 
373.2 ,398.0 ,373.2 ,"29,174.2 ","1,772.1 ",2.5 ,2.6 ,2.5 ,0.2 ,0.0 ,0.0 ,0.0 ,19.2 ,3.1 ,3.2 ,3.1 
378.5 ,380.0 ,371.0 ,"4,006.1 ",116.1 ,2.4 ,2.6 ,2.4 ,229.9 ,0.0 ,0.0 ,0.0 ,0.0 ,3.1 ,0.0 ,0.0 
374.9 ,381.7 ,369.0 ,"16,975.1 ","5,323.7 ",2.9 ,3.1 ,2.4 ,65.0 ,0.0 ,0.0 ,0.0 ,0.1 ,3.0 ,3.0 ,3.0 
374.2 ,376.7 ,369.1 ,"6,944.1 ","4,033.4 ",3.5 ,3.5 ,2.9 ,799.5 ,0.0 ,0.1 ,0.0 ,87.9 ,3.0 ,3.2 ,3.0 
378.5 ,383.7 ,370.4 ,"32,676.0 ","16,700.6 ",4.9 ,4.9 ,3.3 ,"1,276.0 ",0.0 ,0.0 ,0.0 ,116.3 ,2.9 ,3.1 ,2.9 
382.0 ,385.0 ,364.1 ,"24,191.3 ","36,330.9 ",4.3 ,4.9 ,3.2 ,"3,542.7 ",0.0 ,0.0 ,0.0 ,116.8 ,2.9 ,3.1 ,2.9 
353.5 ,388.3 ,320.0 ,"41,546.6 ","66,293.0 ",5.2 ,7.0 ,3.9 ,"1,040.5 ",0.0 ,0.0 ,0.0 ,431.4 ,2.9 ,3.1 ,2.6 
390.0 ,415.0 ,320.0 ,"55,099.8 ","49,793.7 ",5.2 ,6.5 ,4.0 ,"1,371.3 ",0.0 ,0.0 ,0.0 ,"2,621.7 ",3.0 ,3.4 ,1.6 
400.8 ,401.0 ,380.3 ,"38,542.1 ","22,577.8 ",4.8 ,5.5 ,4.1 ,"1,206.8 ",0.0 ,0.0 ,0.0 ,298.4 ,3.2 ,3.2 ,3.0 
407.6 ,408.7 ,396.0 ,"27,541.9 ","15,835.6 ",5.7 ,5.9 ,4.6 ,385.2 ,0.0 ,0.0 ,0.0 ,577.5 ,3.2 ,3.2 ,3.0 
408.0 ,409.1 ,397.6 ,"34,599.1 ","16,172.9 ",5.2 ,5.9 ,5.0 ,505.2 ,0.0 ,0.0 ,0.0 ,389.9 ,3.2 ,3.3 ,3.0 
413.0 ,414.0 ,399.6 ,"35,525.5 ","19,978.4 ",3.8 ,5.2 ,3.8 ,154.7 ,0.0 ,0.0 ,0.0 ,268.3 ,3.1 ,3.3 ,3.1 
420.0 ,426.0 ,408.0 ,"48,215.8 ","14,604.2 ",4.1 ,4.3 ,3.4 ,"3,711.4 ",0.0 ,0.0 ,0.0 ,9.9 ,3.1 ,3.3 ,3.1 
416.0 ,424.8 ,411.5 ,"28,854.6 ","12,947.4 ",4.7 ,5.0 ,4.0 ,"2,279.8 ",0.0 ,0.0 ,0.0 ,116.7 ,3.2 ,3.5 ,3.2 
422.2 ,422.2 ,416.0 ,"10,768.1 ","4,249.5 ",4.4 ,4.7 ,4.2 ,11.0 ,0.0 ,0.0 ,0.0 ,8.6 ,3.2 ,3.2 ,3.2 
439.0 ,443.2 ,420.0 ,"49,773.4 ","3,923.2 ",4.5 ,4.6 ,4.1 ,6.9 ,0.0 ,0.0 ,0.0 ,141.1 ,3.6 ,3.6 ,3.2 
432.0 ,445.0 ,420.5 ,"32,028.0 ","8,682.7 ",4.9 ,5.4 ,4.3 ,574.1 ,0.0 ,0.0 ,0.0 ,44.8 ,3.6 ,3.6 ,3.3 
423.3 ,441.0 ,418.5 ,"42,982.3 ","31,089.8 ",5.5 ,6.0 ,4.8 ,0.1 ,0.0 ,0.0 ,0.0 ,79.8 ,3.5 ,3.5 ,3.2 
413.1 ,428.0 ,411.0 ,"36,678.5 ","13,200.0 ",5.5 ,5.9 ,5.3 ,8.2 ,0.0 ,0.0 ,0.0 ,359.7 ,3.3 ,3.5 ,3.3 
402.0 ,422.7 ,384.0 ,"63,426.8 ","66,246.2 ",6.1 ,6.1 ,5.4 ,99.5 ,0.0 ,0.0 ,0.0 ,"2,125.4 ",3.1 ,3.4 ,3.1 
423.0 ,425.7 ,397.1 ,"58,609.4 ","81,278.8 ",6.2 ,6.3 ,5.4 ,171.5 ,0.0 ,0.0 ,0.0 ,116.5 ,3.4 ,3.4 ,3.1 
429.0 ,435.0 ,420.0 ,"27,148.4 ","13,993.9 ",6.3 ,6.3 ,5.7 ,134.9 ,0.0 ,0.0 ,0.0 ,460.2 ,3.4 ,3.4 ,3.2 
424.9 ,433.5 ,420.0 ,"21,612.6 ","38,782.7 ",6.3 ,6.5 ,6.1 ,68.2 ,0.0 ,0.0 ,0.0 ,67.8 ,3.3 ,3.4 ,3.3 
435.0 ,439.4 ,381.0 ,"75,624.0 ","19,669.4 ",6.5 ,6.6 ,6.3 ,0.8 ,0.0 ,0.0 ,0.0 ,639.7 ,3.4 ,3.5 ,3.3 
437.4 ,441.3 ,428.2 ,"29,131.0 ","16,421.0 ",6.4 ,6.6 ,6.1 ,528.0 ,0.0 ,0.0 ,0.0 ,482.3 ,3.4 ,3.5 ,3.3 
432.4 ,442.9 ,424.7 ,"53,073.3 ","69,948.1 ",7.4 ,7.9 ,5.2 ,"1,328.8 ",0.0 ,0.0 ,0.0 ,625.4 ,3.4 ,3.5 ,3.4 
421.3 ,438.0 ,418.7 ,"47,565.8 ","25,649.3 ",9.3 ,9.7 ,7.4 ,720.7 ,0.0 ,0.0 ,0.0 ,892.3 ,3.3 ,3.5 ,3.3 
422.8 ,437.5 ,408.1 ,"87,028.3 ","64,925.5 ",9.4 ,10.0 ,7.6 ,"2,525.0 ",0.0 ,0.0 ,0.0 ,"1,989.9 ",3.2 ,3.5 ,3.1 
394.0 ,425.0 ,390.0 ,"87,850.9 ","37,256.9 ",10.4 ,10.5 ,8.7 ,479.2 ,0.0 ,0.0 ,0.0 ,"2,330.0 ",3.1 ,3.4 ,3.0 
403.5 ,410.0 ,378.9 ,"147,969.8 ","160,035.5 ",11.8 ,12.3 ,9.9 ,347.5 ,0.0 ,0.0 ,0.0 ,"1,744.7 ",3.3 ,3.3 ,3.0 
405.0 ,433.0 ,397.0 ,"80,952.3 ","77,802.1 ",10.2 ,11.8 ,9.8 ,"2,862.3 ",0.0 ,0.0 ,0.0 ,286.2 ,3.2 ,3.3 ,3.1 
411.8 ,420.0 ,403.8 ,"74,666.0 ","77,528.0 ",9.5 ,10.5 ,8.5 ,"1,500.8 ",0.0 ,0.0 ,0.0 ,585.0 ,3.3 ,3.3 ,3.2 
414.3 ,414.6 ,402.8 ,"47,327.2 ","34,523.7 ",11.0 ,11.0 ,9.1 ,152.8 ,0.0 ,0.0 ,0.0 ,525.1 ,3.2 ,3.3 ,3.1 
413.2 ,415.0 ,401.0 ,"83,783.9 ","68,849.2 ",11.8 ,12.2 ,10.0 ,216.6 ,0.0 ,0.0 ,0.0 ,"1,178.4 ",3.2 ,3.3 ,3.2 
420.0 ,421.1 ,408.8 ,"60,716.7 ","53,174.4 ",10.6 ,12.0 ,10.3 ,547.0 ,0.0 ,0.0 ,0.0 ,87.8 ,3.4 ,3.4 ,3.2 
412.6 ,424.4 ,407.5 ,"82,243.1 ","106,201.7 ",13.0 ,13.8 ,10.5 ,106.8 ,0.0 ,0.0 ,0.0 ,668.9 ,3.2 ,3.4 ,3.2 
415.0 ,418.0 ,406.6 ,"76,515.1 ","82,731.0 ",14.5 ,14.7 ,12.4 ,646.3 ,0.0 ,0.0 ,0.0 ,219.7 ,3.3 ,3.3 ,3.2 
413.5 ,420.0 ,399.0 ,"134,925.7 ","162,820.7 ",13.3 ,15.0 ,11.4 ,17.2 ,0.0 ,0.0 ,0.0 ,"1,058.1 ",3.3 ,3.3 ,3.2 
413.8 ,420.0 ,385.0 ,"102,087.4 ","102,815.7 ",12.7 ,15.0 ,11.9 ,"3,627.4 ",0.0 ,0.0 ,0.0 ,231.1 ,3.3 ,3.3 ,3.2 
413.8 ,418.5 ,408.1 ,"40,375.5 ","20,113.5 ",13.3 ,13.5 ,12.0 ,454.8 ,0.0 ,0.0 ,0.0 ,22.1 ,3.2 ,3.3 ,3.2 
417.4 ,420.0 ,410.9 ,"29,424.2 ","16,281.8 ",12.0 ,13.6 ,11.9 ,63.5 ,0.0 ,0.0 ,0.0 ,70.7 ,3.3 ,3.3 ,3.2 
414.2 ,428.9 ,413.2 ,"90,303.2 ","91,671.1 ",10.5 ,12.2 ,10.2 ,290.0 ,0.0 ,0.0 ,0.0 ,285.7 ,3.3 ,3.3 ,3.2 
407.0 ,418.2 ,395.0 ,"139,333.7 ","127,233.6 ",10.2 ,11.0 ,8.4 ,37.5 ,0.0 ,0.0 ,0.0 ,80.1 ,3.1 ,3.3 ,3.1 
408.9 ,416.8 ,400.0 ,"67,888.7 ","26,777.1 ",10.3 ,11.0 ,9.9 ,585.2 ,0.0 ,0.0 ,0.0 ,95.6 ,3.2 ,3.2 ,3.1 
406.3 ,415.7 ,405.2 ,"39,605.7 ","25,609.7 ",11.0 ,11.0 ,9.6 ,"2,999.1 ",0.0 ,0.0 ,0.0 ,550.1 ,3.1 ,3.3 ,3.1 
413.1 ,414.5 ,402.9 ,"60,106.1 ","46,961.9 ",11.6 ,12.0 ,10.7 ,360.9 ,0.0 ,0.0 ,0.0 ,11.9 ,3.2 ,3.2 ,3.1 
416.4 ,420.3 ,411.8 ,"49,217.1 ","28,145.4 ",11.8 ,12.1 ,10.9 ,499.2 ,0.0 ,0.0 ,0.0 ,529.8 ,3.2 ,3.2 ,3.1 
415.9 ,423.0 ,415.8 ,"30,119.2 ","25,611.0 ",11.2 ,12.5 ,11.2 ,96.7 ,0.0 ,0.0 ,0.0 ,63.1 ,3.2 ,3.3 ,3.2 
416.7 ,423.8 ,413.5 ,"49,024.4 ","24,702.5 ",10.7 ,11.7 ,10.6 ,75.3 ,0.0 ,0.0 ,0.0 ,306.8 ,3.2 ,3.3 ,3.2 
419.0 ,420.6 ,414.0 ,"14,569.3 ","6,274.5 ",10.9 ,11.2 ,10.3 ,27.3 ,0.0 ,0.0 ,0.0 ,30.5 ,3.3 ,3.3 ,3.2 
419.0 ,420.6 ,413.9 ,"15,783.0 ","9,764.2 ",10.9 ,11.0 ,10.6 ,26.5 ,0.0 ,0.0 ,0.0 ,33.0 ,3.2 ,3.3 ,3.2 
426.6 ,429.0 ,415.8 ,"55,959.6 ","21,808.5 ",11.3 ,11.4 ,10.0 ,655.0 ,0.0 ,0.0 ,0.0 ,417.3 ,3.4 ,3.4 ,3.2 
425.2 ,428.8 ,420.0 ,"51,183.6 ","35,036.4 ",11.6 ,11.9 ,10.9 ,"1,852.2 ",0.0 ,0.0 ,0.0 ,132.2 ,3.2 ,3.4 ,3.2 
415.0 ,428.5 ,410.0 ,"132,508.1 ","50,500.0 ",11.9 ,12.0 ,11.4 ,353.5 ,0.0 ,0.0 ,0.0 ,904.3 ,3.2 ,3.3 ,3.2 
418.3 ,419.4 ,410.1 ,"40,600.9 ","16,375.6 ",11.9 ,12.2 ,11.7 ,524.4 ,0.0 ,0.0 ,0.0 ,252.7 ,3.2 ,3.2 ,3.2 
417.0 ,420.4 ,415.8 ,"22,663.6 ","6,682.2 ",11.6 ,12.0 ,11.3 ,461.5 ,0.0 ,0.0 ,0.0 ,"1,047.4 ",3.3 ,3.3 ,3.2 
423.1 ,424.0 ,416.0 ,"32,642.9 ","3,097.4 ",11.4 ,11.9 ,11.4 ,29.3 ,0.0 ,0.0 ,0.0 ,298.8 ,3.2 ,3.3 ,3.2 
420.8 ,424.0 ,418.0 ,"53,852.1 ","6,487.6 ",11.7 ,11.7 ,11.4 ,"2,149.0 ",0.0 ,0.0 ,0.0 ,52.9 ,3.3 ,3.3 ,3.2 
422.0 ,424.5 ,419.9 ,"60,986.7 ","9,072.0 ",11.6 ,11.7 ,11.5 ,"1,001.9 ",0.0 ,0.0 ,0.0 ,166.3 ,3.3 ,3.3 ,3.2 
423.7 ,424.5 ,420.2 ,"32,267.3 ","25,817.0 ",10.8 ,11.6 ,10.7 ,266.7 ,0.0 ,0.0 ,0.0 ,72.2 ,3.3 ,3.3 ,3.2 
423.0 ,425.9 ,420.3 ,"21,656.2 ","17,516.8 ",10.3 ,11.0 ,10.1 ,379.4 ,0.0 ,0.0 ,0.0 ,69.2 ,3.2 ,3.3 ,3.2 
420.1 ,425.9 ,420.1 ,"41,874.7 ","11,046.9 ",10.8 ,11.0 ,10.3 ,112.3 ,0.0 ,0.0 ,0.0 ,194.7 ,3.2 ,3.3 ,3.2 
424.5 ,424.7 ,420.1 ,"14,780.2 ","22,411.4 ",10.0 ,10.7 ,9.9 ,559.4 ,0.0 ,0.0 ,0.0 ,529.8 ,3.2 ,3.3 ,3.2 
420.0 ,426.7 ,414.9 ,"64,594.8 ","28,028.1 ",10.0 ,10.1 ,9.6 ,561.2 ,0.0 ,0.0 ,0.0 ,121.0 ,3.2 ,3.3 ,3.2 
416.1 ,423.0 ,414.1 ,"54,595.0 ","53,724.1 ",8.9 ,10.0 ,8.6 ,47.2 ,0.0 ,0.0 ,0.0 ,237.3 ,3.2 ,3.3 ,3.2 
419.6 ,425.0 ,416.0 ,"82,899.0 ","64,370.9 ",8.6 ,9.0 ,7.3 ,428.6 ,0.0 ,0.0 ,0.0 ,709.1 ,3.3 ,3.3 ,3.2 
426.3 ,428.2 ,419.6 ,"29,223.0 ","22,033.0 ",8.0 ,8.7 ,8.0 ,44.7 ,0.0 ,0.0 ,0.0 ,477.1 ,3.3 ,3.3 ,3.2 
424.0 ,430.0 ,422.5 ,"55,412.1 ","34,215.7 ",7.5 ,8.3 ,7.1 ,"1,770.9 ",0.0 ,0.0 ,0.0 ,749.1 ,3.3 ,3.3 ,3.2 
424.6 ,429.0 ,423.2 ,"36,507.4 ","25,152.0 ",8.8 ,8.8 ,7.4 ,45.0 ,0.0 ,0.0 ,0.0 ,261.8 ,3.3 ,3.4 ,3.2 
426.4 ,428.9 ,423.5 ,"28,928.6 ","23,182.9 ",8.6 ,8.8 ,8.2 ,173.5 ,0.0 ,0.0 ,0.0 ,217.1 ,3.3 ,3.4 ,3.2 
434.0 ,437.3 ,426.4 ,"27,834.1 ","15,449.7 ",8.2 ,8.7 ,8.2 ,10.3 ,0.0 ,0.0 ,0.0 ,99.7 ,3.3 ,3.3 ,3.2 
431.0 ,436.7 ,430.8 ,"31,310.2 ","24,954.5 ",8.9 ,9.4 ,8.2 ,59.5 ,0.0 ,0.0 ,0.0 ,655.7 ,3.3 ,3.4 ,3.2 
428.8 ,438.8 ,426.0 ,"77,215.9 ","26,122.0 ",9.2 ,9.8 ,8.9 ,154.5 ,0.0 ,0.0 ,0.0 ,"1,269.9 ",3.3 ,3.3 ,3.2 
429.6 ,432.8 ,427.3 ,"29,742.6 ","29,004.5 ",9.3 ,9.5 ,8.5 ,64.9 ,0.0 ,0.0 ,0.0 ,236.6 ,3.2 ,3.3 ,3.2 
437.9 ,442.8 ,429.3 ,"40,280.9 ","47,909.2 ",8.7 ,9.3 ,8.6 ,558.1 ,0.0 ,0.0 ,0.0 ,"1,068.3 ",3.3 ,3.4 ,3.2 
442.0 ,448.5 ,437.5 ,"42,068.0 ","12,492.6 ",8.7 ,9.4 ,8.4 ,425.2 ,0.0 ,0.0 ,0.0 ,"2,607.2 ",3.3 ,3.3 ,3.3 
445.7 ,459.2 ,442.0 ,"82,519.6 ","37,949.7 ",8.3 ,8.8 ,8.1 ,72.6 ,0.0 ,0.0 ,0.0 ,"1,449.2 ",3.3 ,3.4 ,3.3 
451.1 ,455.0 ,445.7 ,"47,579.6 ","20,343.9 ",8.0 ,8.4 ,7.8 ,19.7 ,0.0 ,0.0 ,0.0 ,104.3 ,3.4 ,3.4 ,3.3 
454.3 ,460.5 ,446.6 ,"26,546.8 ","17,973.6 ",8.2 ,8.7 ,7.8 ,64.1 ,0.0 ,0.0 ,0.0 ,"3,268.3 ",3.5 ,3.5 ,3.3 
461.6 ,465.0 ,451.0 ,"26,111.0 ","15,898.0 ",8.0 ,8.5 ,8.0 ,9.3 ,0.0 ,0.0 ,0.0 ,"2,514.2 ",3.6 ,3.9 ,3.4 
468.1 ,474.1 ,456.6 ,"58,375.7 ","52,413.9 ",7.3 ,8.1 ,7.2 ,79.7 ,0.0 ,0.0 ,0.0 ,"7,926.2 ",4.0 ,4.5 ,3.5 
466.0 ,472.1 ,463.2 ,"51,678.4 ","23,679.0 ",7.5 ,7.6 ,7.1 ,48.5 ,0.0 ,0.0 ,0.0 ,"4,654.7 ",4.4 ,4.7 ,3.9 
441.0 ,468.0 ,421.9 ,"121,943.8 ","34,210.4 ",7.4 ,8.0 ,7.3 ,204.8 ,0.0 ,0.0 ,0.0 ,"12,336.4 ",3.8 ,4.3 ,3.7 
446.0 ,451.9 ,437.1 ,"37,111.1 ","27,805.6 ",7.6 ,7.7 ,7.2 ,1.9 ,0.0 ,0.0 ,0.0 ,"8,542.6 ",3.8 ,3.9 ,3.3 
455.5 ,484.5 ,445.0 ,"36,506.2 ","9,545.7 ",7.7 ,7.8 ,7.4 ,3.5 ,0.0 ,0.0 ,0.0 ,"3,125.5 ",3.7 ,3.9 ,3.7 
444.2 ,456.5 ,440.0 ,"42,454.6 ","75,028.8 ",8.7 ,9.4 ,7.7 ,0.2 ,0.0 ,0.0 ,0.0 ,"3,975.9 ",3.8 ,3.8 ,3.6 
446.0 ,455.2 ,443.6 ,"24,697.4 ","13,055.7 ",9.2 ,9.2 ,8.4 ,"1,350.2 ",0.0 ,0.0 ,0.0 ,190.1 ,3.7 ,3.8 ,3.7 
446.9 ,449.5 ,425.9 ,"75,376.6 ","76,845.3 ",9.7 ,10.3 ,9.2 ,137.0 ,0.0 ,0.0 ,0.0 ,"1,971.9 ",3.7 ,3.7 ,3.6 
450.8 ,450.9 ,443.0 ,"16,879.3 ","13,040.1 ",9.6 ,9.9 ,9.3 ,34.5 ,0.0 ,0.0 ,0.0 ,"1,185.7 ",3.8 ,3.8 ,3.7 
449.9 ,450.1 ,444.2 ,"8,198.4 ","16,814.9 ",9.6 ,10.0 ,9.4 ,"1,021.9 ",0.0 ,0.0 ,0.0 ,820.1 ,3.7 ,3.8 ,3.7 
449.0 ,451.9 ,444.5 ,"22,888.6 ","22,778.5 ",9.8 ,10.0 ,9.4 ,"1,540.5 ",0.0 ,0.0 ,0.0 ,"5,600.5 ",3.7 ,3.8 ,3.7 
460.0 ,463.0 ,448.4 ,"38,842.1 ","23,761.2 ",9.4 ,9.9 ,9.0 ,15.5 ,0.0 ,0.0 ,0.0 ,"1,128.5 ",3.9 ,3.9 ,3.7 
463.0 ,463.0 ,455.3 ,"18,963.9 ","20,610.5 ",9.0 ,9.5 ,9.0 ,25.1 ,0.0 ,0.0 ,0.0 ,"1,370.5 ",4.0 ,4.0 ,3.9 
460.8 ,462.7 ,455.4 ,"8,396.5 ","10,522.2 ",9.7 ,9.7 ,9.0 ,5.6 ,0.0 ,0.0 ,0.0 ,"1,273.9 ",3.9 ,4.0 ,3.9 
460.5 ,465.1 ,456.1 ,"15,173.3 ","9,284.6 ",9.4 ,9.6 ,9.2 ,13.1 ,0.0 ,0.0 ,0.0 ,"4,405.4 ",4.1 ,4.2 ,3.9 
453.5 ,460.6 ,449.5 ,"25,400.2 ","16,583.9 ",9.6 ,9.6 ,9.3 ,51.1 ,0.0 ,0.0 ,0.0 ,"4,268.5 ",3.9 ,4.1 ,3.7 
449.0 ,455.7 ,448.3 ,"31,405.6 ","29,963.1 ",10.1 ,10.1 ,9.5 ,392.0 ,0.0 ,0.0 ,0.0 ,"2,082.9 ",3.8 ,3.9 ,3.8 
450.9 ,455.0 ,448.1 ,"14,305.9 ","21,855.6 ",11.0 ,11.0 ,9.9 ,"3,554.1 ",0.0 ,0.0 ,0.0 ,125.4 ,3.9 ,3.9 ,3.8 
457.0 ,458.0 ,450.0 ,"32,522.2 ","33,934.9 ",9.8 ,11.0 ,9.8 ,"1,569.8 ",0.0 ,0.0 ,0.0 ,"2,369.2 ",4.0 ,4.0 ,3.8 
457.0 ,458.5 ,453.6 ,"13,099.2 ","10,933.7 ",10.1 ,10.4 ,9.8 ,10.8 ,0.0 ,0.0 ,0.0 ,157.3 ,4.0 ,4.0 ,4.0 
459.0 ,463.0 ,455.6 ,"29,365.9 ","31,858.6 ",10.2 ,10.4 ,9.9 ,11.0 ,0.0 ,0.0 ,0.0 ,780.5 ,4.1 ,4.1 ,3.9 
457.3 ,462.0 ,450.9 ,"45,452.9 ","38,750.8 ",11.6 ,11.6 ,10.1 ,35.6 ,0.0 ,0.0 ,0.0 ,"1,500.6 ",4.0 ,4.2 ,4.0 
450.1 ,458.0 ,448.3 ,"36,204.5 ","55,849.1 ",12.9 ,12.9 ,11.6 ,44.5 ,0.0 ,0.0 ,0.0 ,313.6 ,4.0 ,4.0 ,3.9 
446.8 ,456.7 ,443.8 ,"74,564.0 ","83,041.0 ",13.7 ,14.0 ,12.5 ,145.8 ,0.0 ,0.0 ,0.0 ,"2,685.1 ",4.0 ,4.1 ,3.9 
430.0 ,453.7 ,430.0 ,"120,676.2 ","108,241.2 ",14.4 ,14.8 ,13.5 ,"4,753.3 ",0.0 ,0.0 ,0.0 ,"2,030.2 ",3.8 ,4.0 ,3.7 
436.2 ,444.4 ,420.0 ,"80,311.1 ","73,586.6 ",13.5 ,14.7 ,12.6 ,493.7 ,0.0 ,0.0 ,0.0 ,980.6 ,3.8 ,3.9 ,3.7 
437.6 ,440.0 ,418.2 ,"26,621.8 ","15,911.0 ",13.8 ,14.0 ,13.1 ,6.1 ,0.0 ,0.0 ,0.0 ,551.7 ,4.0 ,4.0 ,3.8 
432.8 ,450.0 ,420.0 ,"56,444.4 ","46,863.9 ",14.2 ,14.3 ,13.0 ,"2,074.9 ",0.0 ,0.0 ,0.0 ,866.1 ,3.9 ,4.0 ,3.8 
443.9 ,445.0 ,431.8 ,"25,603.2 ","37,335.4 ",13.5 ,14.3 ,13.2 ,231.7 ,0.0 ,0.0 ,0.0 ,169.2 ,4.0 ,4.0 ,3.9 
449.0 ,450.0 ,441.5 ,"48,566.3 ","57,669.7 ",12.5 ,13.5 ,11.9 ,231.0 ,0.0 ,0.0 ,0.0 ,704.8 ,4.0 ,4.0 ,3.9 
452.1 ,453.4 ,444.0 ,"19,700.6 ","23,273.4 ",12.4 ,12.9 ,11.7 ,304.2 ,0.0 ,0.0 ,0.0 ,426.3 ,4.1 ,4.1 ,4.0 
473.0 ,474.2 ,445.1 ,"115,626.6 ","41,897.7 ",11.6 ,12.5 ,10.6 ,"1,545.3 ",0.0 ,0.0 ,0.0 ,"6,143.7 ",4.3 ,4.5 ,4.0 
493.0 ,508.0 ,460.0 ,"184,279.1 ","71,445.8 ",10.9 ,11.7 ,10.1 ,333.6 ,0.0 ,0.0 ,0.0 ,"11,121.7 ",4.5 ,4.7 ,4.2 
511.0 ,522.0 ,461.0 ,"346,066.8 ","107,540.2 ",11.8 ,12.3 ,10.6 ,330.3 ,0.0 ,0.0 ,0.0 ,"8,573.1 ",4.5 ,4.6 ,4.0 
530.0 ,551.0 ,509.6 ,"290,155.4 ","81,120.0 ",12.4 ,12.5 ,11.7 ,"2,349.7 ",0.0 ,0.0 ,0.0 ,"8,647.2 ",4.5 ,4.7 ,4.3 
539.0 ,542.4 ,524.0 ,"150,980.2 ","46,091.4 ",12.6 ,12.8 ,12.2 ,"4,093.5 ",0.0 ,0.0 ,0.0 ,"2,291.7 ",4.6 ,4.7 ,4.5 
529.9 ,549.0 ,510.5 ,"274,330.2 ","148,811.8 ",13.9 ,14.3 ,12.6 ,937.0 ,0.0 ,0.0 ,0.0 ,"3,501.3 ",4.6 ,4.7 ,4.5 
536.0 ,542.0 ,522.1 ,"167,248.3 ","70,882.4 ",13.8 ,14.0 ,13.3 ,239.4 ,0.0 ,0.0 ,0.0 ,"1,362.5 ",4.7 ,4.8 ,4.6 
538.0 ,539.8 ,531.8 ,"60,231.0 ","30,179.7 ",13.8 ,14.0 ,13.7 ,840.6 ,0.0 ,0.0 ,0.0 ,772.8 ,4.7 ,4.7 ,4.7 
584.5 ,585.0 ,538.0 ,"315,809.8 ","75,759.5 ",13.8 ,13.9 ,13.4 ,221.0 ,0.0 ,0.0 ,0.0 ,"5,565.9 ",4.9 ,4.9 ,4.7 
579.0 ,592.2 ,560.0 ,"235,417.2 ","59,637.6 ",13.8 ,14.0 ,13.5 ,825.8 ,0.0 ,0.0 ,0.0 ,"16,295.0 ",4.8 ,5.0 ,4.7 
580.7 ,583.9 ,570.0 ,"97,018.0 ","29,721.4 ",13.7 ,14.0 ,13.7 ,431.5 ,0.0 ,0.0 ,0.0 ,"1,937.4 ",4.9 ,5.0 ,4.8 
583.0 ,587.6 ,580.0 ,"96,108.4 ","15,905.5 ",13.9 ,14.0 ,13.7 ,"5,865.2 ",0.0 ,0.0 ,0.0 ,"1,389.3 ",4.9 ,5.0 ,4.9 
576.9 ,589.0 ,560.1 ,"149,334.5 ","74,989.6 ",14.5 ,14.8 ,13.9 ,"11,243.3 ",0.0 ,0.0 ,0.0 ,"2,611.9 ",4.8 ,4.9 ,4.7 
582.0 ,583.1 ,572.9 ,"41,823.9 ","55,230.6 ",14.5 ,14.7 ,14.1 ,600.9 ,0.0 ,0.0 ,0.0 ,"1,389.3 ",4.8 ,4.8 ,4.7 
577.3 ,582.0 ,567.6 ,"54,695.5 ","49,670.9 ",14.2 ,14.6 ,14.1 ,289.5 ,0.0 ,0.0 ,0.0 ,"4,084.1 ",4.8 ,4.8 ,4.7 
618.0 ,627.0 ,581.1 ,"198,505.4 ","103,166.7 ",14.1 ,14.4 ,13.8 ,567.6 ,0.0 ,0.0 ,0.0 ,"5,009.5 ",5.2 ,5.3 ,4.9 
682.1 ,695.0 ,616.0 ,"493,544.2 ","262,302.0 ",16.4 ,16.4 ,14.1 ,"10,026.3 ",0.0 ,0.0 ,0.0 ,"22,144.6 ",5.4 ,5.4 ,5.0 
685.7 ,700.6 ,670.0 ,"780,298.0 ","533,088.6 ",18.0 ,18.9 ,16.0 ,"29,217.2 ",0.0 ,0.0 ,0.0 ,"21,970.5 ",5.2 ,5.4 ,5.1 
668.0 ,688.7 ,585.0 ,"950,920.4 ","499,252.2 ",18.0 ,18.9 ,15.1 ,"44,620.6 ",0.0 ,0.0 ,0.0 ,"12,176.5 ",5.1 ,5.2 ,4.5 
738.0 ,740.0 ,662.3 ,"687,977.1 ","439,214.3 ",19.6 ,19.7 ,17.2 ,"9,898.0 ",0.0 ,0.0 ,0.0 ,"12,031.8 ",5.4 ,5.4 ,5.0 
743.0 ,774.8 ,703.9 ,"1,269,048.7 ","1,169,913.3 ",19.4 ,21.4 ,18.9 ,"31,313.3 ",0.0 ,0.0 ,0.0 ,"68,900.6 ",5.4 ,6.0 ,5.2 
739.4 ,771.0 ,687.0 ,"1,939,840.0 ","1,929,786.8 ",12.9 ,19.4 ,12.5 ,"9,116.6 ",0.0 ,0.0 ,0.0 ,"24,339.7 ",5.5 ,5.9 ,5.1 
751.5 ,788.9 ,705.0 ,"1,617,879.6 ","1,624,023.0 ",12.8 ,14.1 ,7.1 ,"4,606.6 ",0.0 ,0.0 ,0.0 ,"25,804.4 ",5.6 ,5.8 ,5.3 
765.0 ,769.0 ,748.0 ,"530,987.8 ","421,503.1 ",11.3 ,13.6 ,10.5 ,"8,365.0 ",0.0 ,0.0 ,0.0 ,"3,242.5 ",5.5 ,5.6 ,5.4 
703.0 ,765.0 ,639.9 ,"1,610,300.7 ","275,838.7 ",11.6 ,12.0 ,10.6 ,"7,384.5 ",0.0 ,0.0 ,0.0 ,"16,794.5 ",5.0 ,5.5 ,4.5 
677.0 ,710.0 ,639.7 ,"1,917,340.7 ","1,175,864.5 ",15.5 ,15.9 ,11.3 ,"26,729.4 ",0.0 ,0.0 ,0.0 ,"26,919.7 ",4.9 ,5.5 ,4.6 
596.0 ,686.7 ,562.0 ,"2,049,482.9 ","640,074.0 ",13.2 ,15.8 ,12.8 ,"64,386.5 ",0.0 ,0.0 ,0.0 ,"89,374.3 ",3.8 ,5.0 ,3.6 
671.1 ,687.5 ,555.1 ,"2,085,250.6 ","519,474.9 ",14.2 ,14.6 ,12.6 ,"27,760.6 ",0.0 ,0.0 ,0.0 ,"82,426.7 ",4.3 ,4.5 ,3.6 
686.5 ,710.0 ,638.0 ,"976,809.6 ","160,808.3 ",14.3 ,14.8 ,13.7 ,"5,881.3 ",0.0 ,0.0 ,0.0 ,"27,412.0 ",4.3 ,4.5 ,4.1 
657.9 ,690.8 ,640.0 ,"601,509.9 ","87,264.8 ",14.2 ,14.7 ,14.0 ,"8,120.8 ",0.0 ,0.0 ,0.0 ,"7,173.2 ",4.2 ,4.4 ,4.0 
650.7 ,658.0 ,616.4 ,"522,904.9 ","120,804.5 ",14.0 ,14.2 ,13.6 ,"8,486.5 ",0.0 ,0.0 ,0.0 ,"8,630.5 ",4.2 ,4.2 ,4.0 
648.0 ,661.2 ,631.0 ,"347,771.0 ","112,673.0 ",13.8 ,14.1 ,13.6 ,"9,595.6 ",0.0 ,0.0 ,0.0 ,"3,107.2 ",4.2 ,4.2 ,4.1 
633.0 ,656.3 ,616.6 ,"567,819.9 ","462,572.7 ",12.1 ,13.8 ,11.6 ,"11,304.1 ",0.0 ,0.0 ,0.0 ,"5,218.1 ",4.1 ,4.2 ,4.0 
638.5 ,646.0 ,625.0 ,"253,582.5 ","156,301.0 ",12.6 ,13.0 ,11.8 ,"9,617.7 ",0.0 ,0.0 ,0.0 ,"3,970.2 ",4.1 ,4.1 ,4.0 
676.4 ,690.3 ,636.0 ,"757,022.6 ","79,038.4 ",12.2 ,12.7 ,12.2 ,"15,592.6 ",0.0 ,0.0 ,0.0 ,"12,209.0 ",4.2 ,4.4 ,4.0 
678.5 ,684.9 ,670.2 ,"287,545.4 ","156,239.6 ",12.1 ,12.4 ,11.8 ,"6,884.8 ",0.0 ,0.0 ,0.0 ,"3,044.0 ",4.3 ,4.3 ,4.2 
683.0 ,707.1 ,675.1 ,"482,605.6 ","116,453.1 ",12.0 ,12.2 ,11.9 ,"1,482.0 ",0.0 ,0.0 ,0.0 ,"17,061.0 ",4.4 ,4.9 ,4.3 
675.0 ,684.4 ,641.5 ,"515,133.8 ","148,532.6 ",11.8 ,12.1 ,11.6 ,"6,756.2 ",0.0 ,0.0 ,0.0 ,"3,415.5 ",4.4 ,4.5 ,4.2 
677.5 ,682.0 ,635.0 ,"586,296.2 ","656,806.4 ",11.0 ,11.8 ,10.0 ,"4,800.5 ",0.0 ,0.0 ,0.0 ,"7,662.4 ",4.5 ,4.6 ,4.2 
673.0 ,680.6 ,660.0 ,"451,765.1 ","564,706.1 ",10.7 ,11.1 ,9.2 ,"4,284.4 ",0.0 ,0.0 ,0.0 ,"8,054.8 ",4.4 ,4.5 ,4.2 
638.0 ,680.6 ,625.4 ,"482,567.3 ","130,110.2 ",9.9 ,11.0 ,9.8 ,"8,935.0 ",0.0 ,0.0 ,0.0 ,"7,153.3 ",4.2 ,4.5 ,4.1 
643.0 ,647.0 ,594.0 ,"783,674.9 ","128,422.7 ",10.2 ,10.2 ,9.4 ,"2,766.1 ",0.0 ,0.0 ,0.0 ,"7,964.8 ",4.1 ,4.2 ,3.9 
658.6 ,669.7 ,637.0 ,"577,523.3 ","346,264.7 ",10.9 ,11.6 ,10.1 ,"2,386.2 ",0.0 ,0.0 ,0.0 ,"8,741.6 ",4.1 ,4.3 ,4.0 
647.5 ,664.5 ,623.0 ,"523,165.9 ","53,622.3 ",10.9 ,11.1 ,10.7 ,493.0 ,0.0 ,0.0 ,0.0 ,"7,490.3 ",4.1 ,4.2 ,4.0 
650.5 ,664.5 ,638.0 ,"302,063.8 ","29,621.3 ",10.6 ,11.0 ,10.5 ,"6,294.2 ",0.0 ,0.0 ,0.0 ,934.8 ,4.1 ,4.2 ,4.1 
646.0 ,654.5 ,645.0 ,"214,821.3 ","67,679.5 ",10.6 ,10.7 ,10.2 ,"6,309.7 ",0.0 ,0.0 ,0.0 ,698.6 ,4.1 ,4.2 ,4.1 
665.2 ,678.0 ,647.0 ,"387,971.8 ","79,388.7 ",10.6 ,10.9 ,10.4 ,309.2 ,0.0 ,0.0 ,0.0 ,"2,576.0 ",4.2 ,4.3 ,4.1 
655.0 ,672.1 ,651.0 ,"173,296.5 ","106,052.6 ",11.1 ,11.4 ,10.4 ,43.5 ,0.0 ,0.0 ,0.0 ,594.2 ,4.1 ,4.2 ,4.1 
661.1 ,669.9 ,653.7 ,"206,384.0 ","172,244.4 ",12.0 ,12.0 ,10.9 ,"2,247.7 ",0.0 ,0.0 ,0.0 ,923.4 ,4.2 ,4.2 ,4.1 
667.0 ,678.0 ,661.1 ,"187,915.3 ","140,142.5 ",11.7 ,12.4 ,11.7 ,504.3 ,0.0 ,0.0 ,0.0 ,"2,479.6 ",4.2 ,4.2 ,4.1 
668.0 ,670.0 ,660.0 ,"127,017.5 ","48,850.5 ",11.5 ,12.0 ,11.2 ,"3,857.7 ",0.0 ,0.0 ,0.0 ,"1,263.3 ",4.2 ,4.2 ,4.1 
686.6 ,690.0 ,667.6 ,"199,870.0 ","156,431.2 ",11.6 ,11.8 ,11.0 ,626.7 ,0.0 ,0.0 ,0.0 ,"3,278.5 ",4.2 ,4.3 ,4.2 
677.0 ,686.7 ,668.3 ,"354,909.6 ","318,885.8 ",11.3 ,11.8 ,11.0 ,"7,278.9 ",0.0 ,0.0 ,0.0 ,"2,676.8 ",4.2 ,4.2 ,4.2 
674.6 ,677.9 ,667.9 ,"235,589.0 ","219,775.5 ",11.8 ,12.2 ,11.1 ,138.7 ,0.0 ,0.0 ,0.0 ,147.4 ,4.1 ,4.2 ,4.1 
665.0 ,675.0 ,659.9 ,"181,952.7 ","321,462.9 ",12.5 ,13.1 ,11.7 ,"2,530.3 ",0.0 ,0.0 ,0.0 ,"2,609.0 ",4.2 ,4.2 ,4.1 
664.6 ,670.0 ,662.0 ,"119,839.3 ","135,134.4 ",12.7 ,12.9 ,12.1 ,"2,958.4 ",0.0 ,0.0 ,0.0 ,847.8 ,4.2 ,4.2 ,4.1 
646.0 ,666.1 ,641.3 ,"406,788.8 ","698,144.2 ",14.5 ,14.9 ,12.7 ,"1,565.6 ",0.0 ,0.0 ,0.0 ,"4,550.3 ",4.0 ,4.1 ,3.9 
654.0 ,665.1 ,649.3 ,"302,321.5 ","415,007.8 ",13.7 ,14.8 ,13.0 ,"1,025.4 ",0.0 ,0.0 ,0.0 ,"3,761.8 ",4.1 ,4.1 ,4.0 
657.5 ,667.1 ,652.0 ,"300,086.8 ","336,825.3 ",13.5 ,14.0 ,12.2 ,"2,577.4 ",0.0 ,0.0 ,0.0 ,"4,332.2 ",4.0 ,4.1 ,4.0 
644.8 ,660.0 ,639.5 ,"205,431.1 ","141,864.9 ",13.3 ,13.8 ,13.0 ,"2,407.6 ",0.0 ,0.0 ,0.0 ,"2,910.6 ",4.0 ,4.1 ,3.9 
655.3 ,662.0 ,642.0 ,"630,781.0 ","821,073.0 ",12.4 ,13.4 ,11.3 ,"2,094.5 ",0.0 ,0.0 ,0.0 ,"10,866.6 ",4.0 ,4.0 ,3.9 
657.4 ,661.0 ,650.0 ,"200,359.3 ","218,304.4 ",12.8 ,13.5 ,12.3 ,"1,097.1 ",0.0 ,0.0 ,0.0 ,"3,887.7 ",4.0 ,4.0 ,3.9 
657.0 ,662.0 ,650.0 ,"330,908.2 ","91,580.9 ",12.6 ,13.0 ,12.5 ,"3,268.7 ",0.0 ,0.0 ,0.0 ,"2,218.3 ",4.0 ,4.0 ,3.9 
655.0 ,661.9 ,653.6 ,"88,896.8 ","39,380.8 ",12.8 ,12.9 ,12.6 ,"1,369.9 ",0.0 ,0.0 ,0.0 ,"3,505.8 ",4.1 ,4.1 ,3.9 
640.9 ,661.1 ,629.0 ,"214,719.0 ","37,736.5 ",12.4 ,12.8 ,12.2 ,60.2 ,0.0 ,0.0 ,0.0 ,"2,144.0 ",4.0 ,4.1 ,4.0 
621.3 ,639.5 ,611.0 ,"639,675.9 ","154,758.7 ",11.5 ,12.4 ,11.3 ,531.4 ,0.0 ,0.0 ,0.0 ,"4,120.4 ",3.9 ,4.2 ,3.9 
605.0 ,630.0 ,594.0 ,"1,285,564.7 ","337,584.6 ",10.5 ,11.7 ,10.0 ,"1,252.3 ",0.0 ,0.0 ,0.0 ,"7,549.6 ",3.8 ,4.0 ,3.7 
543.4 ,608.9 ,462.9 ,"3,371,633.6 ","1,145,682.0 ",9.3 ,10.8 ,7.3 ,"4,706.8 ",0.0 ,0.0 ,0.0 ,"31,795.6 ",3.6 ,3.8 ,3.2 
578.0 ,590.0 ,534.1 ,"1,729,085.8 ","608,331.5 ",10.5 ,10.8 ,9.0 ,"2,158.9 ",0.0 ,0.0 ,0.0 ,"19,456.2 ",3.8 ,3.8 ,3.5 
569.5 ,595.3 ,567.1 ,"881,697.9 ","415,206.8 ",10.8 ,11.5 ,10.3 ,"3,855.9 ",0.0 ,0.0 ,0.0 ,"12,940.3 ",3.7 ,3.9 ,3.7 
565.0 ,578.8 ,563.0 ,"319,151.3 ","101,041.7 ",10.3 ,11.1 ,10.3 ,"1,150.1 ",0.0 ,0.0 ,0.0 ,"1,965.2 ",3.7 ,3.8 ,3.7 
593.1 ,613.0 ,563.2 ,"592,871.1 ","95,216.0 ",11.0 ,11.2 ,10.2 ,"8,991.4 ",0.0 ,0.0 ,0.0 ,"2,079.1 ",3.8 ,3.8 ,3.7 
595.2 ,625.0 ,589.0 ,"617,466.8 ","114,988.4 ",11.0 ,11.4 ,10.8 ,"3,551.0 ",0.0 ,0.0 ,0.0 ,"7,308.8 ",3.9 ,4.0 ,3.8 
590.6 ,600.0 ,586.0 ,"353,183.6 ","78,112.7 ",11.3 ,11.4 ,11.0 ,"4,184.8 ",0.0 ,0.0 ,0.0 ,"4,320.7 ",3.8 ,3.9 ,3.7 
602.6 ,625.3 ,586.0 ,"870,566.6 ","511,344.3 ",12.7 ,12.8 ,11.3 ,"4,069.3 ",0.0 ,0.0 ,0.0 ,"10,448.7 ",3.8 ,4.0 ,3.8 
596.3 ,619.0 ,586.3 ,"781,690.1 ","553,327.9 ",12.0 ,12.8 ,12.0 ,"6,384.4 ",0.0 ,0.0 ,0.0 ,"8,817.7 ",3.7 ,3.9 ,3.4 
590.1 ,605.5 ,582.6 ,"578,966.5 ","266,592.5 ",12.0 ,12.2 ,11.6 ,926.4 ,0.0 ,0.0 ,0.0 ,"7,374.2 ",3.8 ,3.8 ,3.7 
590.5 ,595.4 ,583.1 ,"320,517.3 ","96,016.1 ",11.8 ,12.1 ,11.6 ,33.0 ,0.0 ,0.0 ,0.0 ,"2,910.7 ",3.7 ,3.8 ,3.7 
582.0 ,592.0 ,580.0 ,"171,571.7 ","87,503.3 ",11.7 ,11.8 ,11.5 ,"1,250.6 ",0.0 ,0.0 ,0.0 ,"1,141.1 ",3.7 ,3.8 ,3.7 
573.0 ,583.1 ,561.0 ,"613,637.9 ","312,550.3 ",11.3 ,11.7 ,10.8 ,991.6 ,0.0 ,0.0 ,0.0 ,"3,292.8 ",3.6 ,3.7 ,3.6 
566.7 ,598.9 ,561.0 ,"437,543.1 ","91,130.6 ",11.1 ,11.4 ,10.9 ,"7,739.7 ",0.0 ,0.0 ,0.0 ,"4,228.9 ",3.6 ,3.7 ,3.5 
574.3 ,583.9 ,565.2 ,"350,659.9 ","148,537.8 ",11.0 ,11.2 ,10.3 ,15.8 ,0.0 ,0.0 ,0.0 ,"2,075.2 ",3.6 ,3.7 ,3.6 
570.5 ,578.8 ,566.0 ,"267,974.2 ","137,615.5 ",10.9 ,11.1 ,10.3 ,"1,750.7 ",0.0 ,0.0 ,0.0 ,"1,123.4 ",3.6 ,3.6 ,3.6 
571.4 ,578.2 ,563.0 ,"262,768.9 ","101,360.0 ",10.7 ,11.0 ,10.7 ,265.0 ,0.0 ,0.0 ,0.0 ,"1,172.5 ",3.6 ,3.6 ,3.6 
573.2 ,577.0 ,569.4 ,"163,602.6 ","97,885.5 ",10.9 ,11.1 ,10.5 ,"1,284.4 ",0.0 ,0.0 ,0.0 ,237.2 ,3.6 ,3.6 ,3.6 
583.6 ,584.7 ,570.6 ,"183,465.6 ","100,800.3 ",11.1 ,11.3 ,10.9 ,6.7 ,0.0 ,0.0 ,0.0 ,"3,539.1 ",3.6 ,3.6 ,3.6 
583.4 ,586.4 ,578.0 ,"166,230.0 ","32,855.4 ",11.2 ,11.3 ,11.0 ,"1,478.8 ",0.0 ,0.0 ,0.0 ,"1,623.9 ",3.6 ,3.6 ,3.6 
591.5 ,595.0 ,580.9 ,"512,965.0 ","96,431.3 ",11.3 ,11.4 ,11.0 ,"3,463.8 ",0.0 ,0.0 ,0.0 ,"15,289.7 ",3.8 ,3.8 ,3.6 
581.5 ,592.4 ,578.5 ,"483,054.4 ","87,103.0 ",11.1 ,11.3 ,10.9 ,926.0 ,0.0 ,0.0 ,0.0 ,"42,595.3 ",3.9 ,4.5 ,3.7 
575.0 ,586.9 ,573.0 ,"277,968.6 ","39,188.0 ",11.2 ,11.2 ,11.0 ,420.9 ,0.0 ,0.0 ,0.0 ,"12,259.6 ",3.9 ,4.0 ,3.8 
580.0 ,581.0 ,573.0 ,"276,968.5 ","61,120.9 ",11.3 ,11.5 ,11.1 ,290.3 ,0.0 ,0.0 ,0.0 ,"7,730.6 ",3.8 ,3.9 ,3.7 
574.0 ,585.9 ,572.6 ,"228,164.5 ","37,020.0 ",11.2 ,11.4 ,11.0 ,110.4 ,0.0 ,0.0 ,0.0 ,"1,797.2 ",3.8 ,3.9 ,3.8 
574.1 ,577.9 ,563.0 ,"487,357.1 ","66,809.4 ",11.0 ,11.3 ,10.9 ,"6,089.9 ",0.0 ,0.0 ,0.0 ,"3,895.6 ",3.8 ,3.8 ,3.7 
576.2 ,589.0 ,568.4 ,"820,076.3 ","128,857.2 ",11.0 ,11.2 ,10.7 ,"1,487.5 ",0.0 ,0.0 ,0.0 ,"11,790.3 ",3.8 ,3.8 ,3.7 
580.1 ,582.4 ,571.0 ,"584,334.2 ","100,726.1 ",11.1 ,11.3 ,10.8 ,"3,014.5 ",0.0 ,0.0 ,0.0 ,"17,907.5 ",3.8 ,3.8 ,3.7 
573.5 ,584.3 ,572.0 ,"316,600.6 ","89,268.8 ",11.3 ,11.4 ,11.0 ,"2,762.8 ",0.0 ,0.0 ,0.0 ,"5,993.3 ",3.8 ,3.9 ,3.8 
573.6 ,580.0 ,571.0 ,"284,310.6 ","170,367.9 ",12.4 ,12.4 ,11.2 ,"2,422.6 ",0.0 ,0.0 ,0.0 ,"4,451.2 ",3.9 ,3.9 ,3.8 
573.3 ,577.0 ,570.2 ,"367,954.8 ","143,174.1 ",12.0 ,12.7 ,11.5 ,"2,250.4 ",0.0 ,0.0 ,0.0 ,"1,927.6 ",3.8 ,3.9 ,3.8 
578.6 ,598.6 ,570.0 ,"770,219.5 ","269,478.0 ",11.8 ,12.5 ,11.0 ,"1,895.9 ",0.0 ,0.0 ,0.0 ,"5,414.6 ",3.8 ,3.9 ,3.8 
604.3 ,615.0 ,560.3 ,"1,203,782.1 ","189,885.1 ",11.7 ,12.1 ,11.5 ,"12,592.1 ",0.0 ,0.0 ,0.0 ,"17,902.8 ",3.9 ,4.0 ,3.8 
612.2 ,620.0 ,604.3 ,"523,962.2 ","85,469.0 ",11.8 ,11.9 ,11.6 ,"3,187.1 ",0.0 ,0.0 ,0.0 ,"12,400.1 ",4.0 ,4.1 ,3.9 
613.2 ,614.9 ,603.3 ,"634,859.1 ","122,416.5 ",11.6 ,11.9 ,11.5 ,"1,924.2 ",0.0 ,0.0 ,0.0 ,"5,959.7 ",4.0 ,4.0 ,3.9 
614.5 ,617.1 ,608.0 ,"451,247.0 ","36,226.1 ",11.6 ,11.8 ,11.5 ,"1,822.2 ",0.0 ,0.0 ,0.0 ,"2,834.0 ",4.0 ,4.0 ,3.9 
618.8 ,623.9 ,609.7 ,"571,851.9 ","63,697.9 ",11.7 ,11.8 ,11.6 ,"1,956.1 ",0.0 ,0.0 ,0.0 ,"5,055.8 ",4.0 ,4.0 ,3.9 
626.3 ,635.7 ,617.2 ,"446,531.1 ","163,655.9 ",11.7 ,11.9 ,11.4 ,"1,265.8 ",0.0 ,0.0 ,0.0 ,"5,010.5 ",4.0 ,4.1 ,4.0 
625.6 ,630.0 ,622.1 ,"221,768.5 ","71,494.4 ",11.7 ,11.9 ,11.5 ,"1,071.3 ",0.0 ,0.0 ,0.0 ,"3,193.8 ",4.0 ,4.0 ,4.0 
627.3 ,630.0 ,625.6 ,"114,623.5 ","110,441.3 ",12.0 ,12.3 ,11.6 ,782.2 ,0.0 ,0.0 ,0.0 ,"4,238.9 ",4.0 ,4.0 ,4.0 
612.2 ,636.0 ,591.7 ,"641,443.6 ","134,603.5 ",11.9 ,12.1 ,11.6 ,793.8 ,0.0 ,0.0 ,0.0 ,"5,822.1 ",3.9 ,4.0 ,3.9 
612.8 ,615.0 ,607.4 ,"274,222.7 ","103,799.7 ",12.2 ,12.2 ,11.7 ,809.0 ,0.0 ,0.0 ,0.0 ,"3,937.7 ",3.9 ,3.9 ,3.8 
613.5 ,618.3 ,611.0 ,"235,665.7 ","193,205.8 ",12.1 ,12.8 ,11.9 ,"2,578.8 ",0.0 ,0.0 ,0.0 ,945.7 ,3.9 ,3.9 ,3.8 
613.0 ,616.6 ,609.0 ,"315,448.1 ","61,723.0 ",12.0 ,12.2 ,12.0 ,"73,514.1 ",0.0 ,0.0 ,0.0 ,"1,571.4 ",3.8 ,3.9 ,3.8 
610.3 ,614.5 ,608.0 ,"243,472.9 ","170,857.2 ",12.6 ,12.8 ,12.0 ,"21,508.6 ",0.0 ,0.0 ,0.0 ,"7,650.4 ",3.9 ,3.9 ,3.8 
608.8 ,611.4 ,606.0 ,"117,029.9 ","59,509.1 ",12.9 ,12.9 ,12.5 ,"5,543.1 ",0.0 ,0.0 ,0.0 ,806.9 ,3.8 ,3.9 ,3.8 
612.2 ,617.5 ,607.2 ,"214,224.4 ","284,259.1 ",12.9 ,13.1 ,12.2 ,"3,873.5 ",0.0 ,0.0 ,0.0 ,"3,151.3 ",3.8 ,3.9 ,3.8 
611.8 ,617.0 ,608.1 ,"202,338.2 ","191,694.3 ",13.5 ,13.7 ,12.8 ,"1,165.8 ",0.0 ,0.0 ,0.0 ,"9,419.0 ",3.9 ,3.9 ,3.8 
600.5 ,614.0 ,593.2 ,"607,276.9 ","387,427.7 ",13.9 ,14.5 ,13.5 ,"9,099.2 ",0.0 ,0.0 ,0.0 ,"4,136.0 ",3.8 ,3.9 ,3.8 
603.0 ,607.2 ,602.0 ,"69,765.5 ","46,573.4 ",13.0 ,13.3 ,12.7 ,"1,098.5 ",0.0 ,0.0 ,0.0 ,855.6 ,3.8 ,3.8 ,3.8 
602.8 ,605.0 ,598.7 ,"134,163.4 ","25,412.0 ",12.8 ,13.2 ,12.8 ,"6,591.1 ",0.0 ,0.0 ,0.0 ,"3,529.3 ",3.8 ,3.8 ,3.8 
607.8 ,610.9 ,602.8 ,"218,871.5 ","52,021.0 ",13.0 ,13.1 ,12.8 ,"8,304.2 ",0.0 ,0.0 ,0.0 ,"1,355.9 ",3.9 ,3.9 ,3.8 
605.3 ,608.7 ,603.0 ,"126,100.3 ","93,911.8 ",13.3 ,13.5 ,13.0 ,"5,425.4 ",0.0 ,0.0 ,0.0 ,387.3 ,3.8 ,3.9 ,3.8 
605.9 ,607.0 ,603.2 ,"101,516.6 ","17,232.4 ",13.2 ,13.3 ,13.2 ,"17,931.4 ",0.0 ,0.0 ,0.0 ,247.8 ,3.8 ,3.9 ,3.8 
607.3 ,608.7 ,604.5 ,"96,866.3 ","27,048.5 ",13.1 ,13.2 ,13.1 ,"5,595.9 ",0.0 ,0.0 ,0.0 ,885.8 ,3.8 ,3.9 ,3.8 
614.1 ,617.0 ,605.0 ,"196,782.2 ","33,194.0 ",13.1 ,13.4 ,13.1 ,"19,934.4 ",0.0 ,0.0 ,0.0 ,"11,489.0 ",3.8 ,3.9 ,3.8 
611.7 ,616.9 ,607.5 ,"158,946.8 ","40,676.8 ",13.2 ,13.3 ,13.1 ,"5,920.6 ",0.0 ,0.0 ,0.0 ,"3,526.6 ",3.8 ,3.9 ,3.8 
612.1 ,613.5 ,607.9 ,"96,326.4 ","24,866.2 ",13.2 ,13.3 ,13.1 ,"3,514.8 ",0.0 ,0.0 ,0.0 ,426.3 ,3.9 ,3.9 ,3.8 
610.7 ,614.9 ,609.4 ,"144,976.7 ","52,390.3 ",13.5 ,13.5 ,13.2 ,"2,686.4 ",0.0 ,0.0 ,0.0 ,355.1 ,3.8 ,3.9 ,3.8 
611.3 ,613.8 ,608.6 ,"206,099.1 ","92,454.4 ",13.3 ,13.5 ,13.2 ,"3,764.7 ",0.0 ,0.0 ,0.0 ,459.7 ,3.8 ,3.9 ,3.8 
612.1 ,617.0 ,609.2 ,"295,468.6 ","68,973.7 ",13.0 ,13.3 ,13.0 ,"4,279.8 ",0.0 ,0.0 ,0.0 ,"7,555.9 ",3.8 ,3.9 ,3.8 
615.0 ,616.4 ,611.2 ,"173,597.5 ","69,592.5 ",12.8 ,13.1 ,12.7 ,"2,418.3 ",0.0 ,0.0 ,0.0 ,514.3 ,3.9 ,3.9 ,3.8 
621.9 ,623.7 ,615.0 ,"139,734.7 ","84,958.6 ",12.3 ,12.9 ,12.3 ,"1,821.5 ",0.0 ,0.0 ,0.0 ,"14,914.1 ",3.9 ,3.9 ,3.8 
618.2 ,623.2 ,615.6 ,"169,756.0 ","103,850.1 ",12.3 ,12.4 ,12.0 ,"1,560.8 ",0.0 ,0.0 ,0.0 ,"1,870.2 ",3.8 ,3.9 ,3.8 
619.8 ,621.3 ,615.6 ,"140,924.9 ","59,814.5 ",11.9 ,12.4 ,11.9 ,"9,220.9 ",0.0 ,0.0 ,0.0 ,"2,967.3 ",3.8 ,3.8 ,3.8 
634.0 ,642.8 ,616.8 ,"346,764.8 ","69,640.5 ",12.2 ,12.3 ,11.6 ,"5,959.0 ",0.0 ,0.0 ,0.0 ,"3,425.1 ",3.8 ,3.9 ,3.8 
639.2 ,644.0 ,632.0 ,"455,552.1 ","86,269.6 ",12.0 ,12.2 ,11.7 ,"1,300.4 ",0.0 ,0.0 ,0.0 ,"12,198.7 ",3.8 ,3.9 ,3.8 
638.1 ,643.3 ,635.1 ,"202,093.4 ","76,499.6 ",12.0 ,12.2 ,11.7 ,"7,742.3 ",0.0 ,0.0 ,0.0 ,"2,682.4 ",3.9 ,4.0 ,3.8 
639.4 ,640.8 ,635.5 ,"125,175.0 ","43,023.2 ",12.1 ,12.1 ,11.8 ,"3,823.4 ",0.0 ,0.0 ,0.0 ,"3,921.8 ",3.9 ,3.9 ,3.9 
643.0 ,643.9 ,637.7 ,"110,522.5 ","14,558.0 ",11.9 ,12.1 ,11.9 ,"1,516.8 ",0.0 ,0.0 ,0.0 ,"3,012.1 ",3.9 ,3.9 ,3.9 
643.9 ,646.0 ,639.0 ,"118,398.7 ","39,128.6 ",12.0 ,12.1 ,11.8 ,"5,803.2 ",0.0 ,0.0 ,0.0 ,556.2 ,3.9 ,3.9 ,3.9 
644.8 ,646.6 ,641.0 ,"347,280.6 ","14,323.3 ",12.0 ,12.1 ,11.8 ,"15,478.4 ",0.0 ,0.0 ,0.0 ,"1,233.8 ",3.9 ,3.9 ,3.9 
638.8 ,646.6 ,637.0 ,"360,884.3 ","54,336.3 ",12.4 ,12.6 ,11.9 ,"1,806.7 ",0.0 ,0.0 ,0.0 ,"4,620.3 ",3.9 ,3.9 ,3.8 
640.0 ,642.0 ,631.8 ,"96,139.3 ","68,192.4 ",12.6 ,13.0 ,12.3 ,688.9 ,0.0 ,0.0 ,0.0 ,"4,669.1 ",3.9 ,3.9 ,3.8 
633.3 ,641.9 ,626.1 ,"253,389.2 ","93,123.4 ",12.0 ,12.6 ,11.9 ,"6,803.2 ",0.0 ,0.0 ,0.0 ,"3,565.0 ",3.8 ,3.9 ,3.8 
635.3 ,637.2 ,629.5 ,"75,507.6 ","19,701.1 ",12.1 ,12.3 ,12.0 ,"11,889.5 ",0.0 ,0.0 ,0.0 ,"3,607.7 ",3.8 ,3.8 ,3.8 
638.6 ,639.0 ,632.2 ,"56,457.8 ","5,405.3 ",12.1 ,12.2 ,12.1 ,"2,052.1 ",0.0 ,0.0 ,0.0 ,986.4 ,3.9 ,3.9 ,3.8 
660.1 ,670.9 ,638.6 ,"506,620.5 ","50,248.9 ",12.2 ,12.3 ,12.1 ,"3,228.8 ",0.0 ,0.0 ,0.0 ,"9,706.5 ",3.9 ,4.0 ,3.8 
653.5 ,663.4 ,653.0 ,"132,216.0 ","32,473.6 ",12.1 ,12.2 ,12.0 ,"2,043.1 ",0.0 ,0.0 ,0.0 ,"7,326.2 ",3.9 ,3.9 ,3.9 
659.0 ,664.8 ,653.5 ,"108,683.0 ","56,756.8 ",11.7 ,12.1 ,11.6 ,"2,742.7 ",0.0 ,0.0 ,0.0 ,"2,971.8 ",3.9 ,3.9 ,3.8 
661.6 ,666.0 ,653.0 ,"226,136.7 ","76,084.1 ",11.5 ,11.8 ,11.1 ,541.2 ,0.0 ,0.0 ,0.0 ,"10,593.4 ",3.9 ,3.9 ,3.8 
688.4 ,689.0 ,661.5 ,"485,538.1 ","61,656.6 ",11.3 ,11.7 ,11.3 ,"6,796.9 ",0.0 ,0.0 ,0.0 ,"7,575.3 ",4.1 ,4.1 ,3.9 
684.5 ,688.9 ,675.1 ,"344,931.2 ","116,654.4 ",11.3 ,11.7 ,11.3 ,"5,767.0 ",0.0 ,0.0 ,0.0 ,"2,240.1 ",4.0 ,4.1 ,3.9 
706.8 ,711.4 ,684.2 ,"708,430.1 ","101,897.9 ",11.1 ,11.4 ,11.0 ,"14,631.1 ",0.0 ,0.0 ,0.0 ,"9,594.2 ",4.0 ,4.1 ,3.9 
713.5 ,724.5 ,695.1 ,"932,633.0 ","266,000.3 ",10.4 ,11.2 ,9.4 ,"4,378.4 ",0.0 ,0.0 ,0.0 ,"7,761.0 ",4.1 ,4.1 ,4.0 
702.5 ,714.5 ,688.0 ,"767,140.6 ","112,949.3 ",11.4 ,11.5 ,10.3 ,"18,116.2 ",0.0 ,0.0 ,0.0 ,"10,438.7 ",4.0 ,4.1 ,4.0 
723.0 ,728.6 ,699.3 ,"496,547.8 ","88,660.1 ",10.7 ,11.5 ,10.7 ,"3,887.7 ",0.0 ,0.0 ,0.0 ,"10,803.6 ",4.0 ,4.1 ,4.0 
733.9 ,744.6 ,722.0 ,"1,046,608.2 ","201,547.9 ",10.9 ,11.2 ,10.4 ,"5,929.2 ",0.0 ,0.0 ,0.0 ,"11,112.1 ",4.1 ,4.2 ,4.0 
739.2 ,751.0 ,723.9 ,"473,088.9 ","72,175.0 ",11.0 ,11.2 ,10.7 ,958.5 ,0.0 ,0.0 ,0.0 ,"8,089.3 ",4.1 ,4.2 ,4.1 
704.0 ,743.4 ,674.1 ,"1,527,246.1 ","130,750.8 ",11.1 ,11.2 ,10.8 ,"6,247.4 ",0.0 ,0.0 ,0.0 ,"14,565.5 ",3.9 ,4.1 ,3.8 
705.6 ,712.8 ,687.9 ,"396,158.5 ","55,299.8 ",11.0 ,11.3 ,10.9 ,889.1 ,0.0 ,0.0 ,0.0 ,"1,349.7 ",3.9 ,3.9 ,3.8 
716.4 ,721.9 ,700.0 ,"368,944.8 ","32,944.2 ",11.1 ,11.2 ,11.0 ,"1,716.8 ",0.0 ,0.0 ,0.0 ,"2,366.2 ",4.0 ,4.0 ,3.9 
716.4 ,721.9 ,700.0 ,"368,944.8 ","32,944.2 ",11.1 ,11.2 ,11.0 ,"1,716.8 ",0.0 ,0.0 ,0.0 ,"2,366.2 ",4.0 ,4.0 ,3.9 
708.1 ,718.9 ,701.4 ,"290,935.4 ","26,049.7 ",10.9 ,11.1 ,10.9 ,"10,754.3 ",0.0 ,0.0 ,0.0 ,"3,799.1 ",3.9 ,3.9 ,3.9 
705.0 ,710.7 ,698.9 ,"320,968.9 ","31,057.0 ",10.9 ,11.0 ,10.8 ,"1,784.3 ",0.0 ,0.0 ,0.0 ,"1,888.7 ",3.8 ,3.9 ,3.8 
736.3 ,743.1 ,703.0 ,"842,846.2 ","186,279.1 ",10.6 ,11.0 ,10.3 ,"6,291.9 ",0.0 ,0.0 ,0.0 ,"5,845.6 ",4.0 ,4.0 ,3.8 
719.0 ,740.9 ,713.4 ,"620,451.6 ","70,291.4 ",10.5 ,10.8 ,10.5 ,"2,338.1 ",0.0 ,0.0 ,0.0 ,"3,771.0 ",3.8 ,4.0 ,3.8 
718.4 ,722.5 ,710.0 ,"311,157.4 ","26,672.1 ",10.5 ,10.7 ,10.4 ,898.0 ,0.0 ,0.0 ,0.0 ,461.7 ,3.8 ,3.9 ,3.8 
715.4 ,722.9 ,709.6 ,"261,134.8 ","43,618.2 ",10.2 ,10.6 ,10.1 ,"1,097.8 ",0.0 ,0.0 ,0.0 ,497.2 ,3.8 ,3.9 ,3.8 
696.0 ,717.0 ,689.5 ,"458,023.3 ","146,304.6 ",10.0 ,10.4 ,9.6 ,"1,424.1 ",0.0 ,0.0 ,0.0 ,"4,911.6 ",3.7 ,3.8 ,3.7 
708.0 ,708.4 ,681.7 ,"463,093.3 ","36,987.6 ",10.0 ,10.3 ,9.9 ,933.8 ,0.0 ,0.0 ,0.0 ,"4,480.0 ",3.9 ,3.9 ,3.7 
714.6 ,716.9 ,698.9 ,"228,662.8 ","30,104.4 ",10.0 ,10.1 ,9.9 ,"4,220.9 ",0.0 ,0.0 ,0.0 ,"2,666.2 ",3.9 ,3.9 ,3.8 
715.0 ,717.9 ,708.3 ,"165,252.2 ","102,731.9 ",10.3 ,10.4 ,9.9 ,"2,792.6 ",0.0 ,0.0 ,0.0 ,"11,793.5 ",3.9 ,4.0 ,3.8 
747.3 ,757.0 ,710.0 ,"1,061,987.6 ","145,302.2 ",9.9 ,10.4 ,9.9 ,"9,221.5 ",0.0 ,0.0 ,0.0 ,"15,190.9 ",3.9 ,4.0 ,3.9 
747.2 ,754.8 ,734.1 ,"416,943.7 ","51,687.2 ",9.7 ,10.2 ,9.7 ,361.9 ,0.0 ,0.0 ,0.0 ,951.0 ,3.9 ,4.0 ,3.9 
747.0 ,759.0 ,740.0 ,"330,461.3 ","112,407.7 ",9.6 ,9.8 ,9.5 ,182.3 ,0.0 ,0.0 ,0.0 ,"3,524.9 ",4.0 ,4.0 ,3.9 
756.0 ,757.0 ,744.2 ,"155,792.7 ","32,279.4 ",9.6 ,9.8 ,9.6 ,"5,767.3 ",0.0 ,0.0 ,0.0 ,"1,841.7 ",3.9 ,4.0 ,3.9 
736.4 ,756.0 ,715.7 ,"490,206.6 ","34,365.4 ",9.7 ,9.7 ,9.5 ,"1,592.2 ",0.0 ,0.0 ,0.0 ,"3,136.3 ",3.9 ,4.0 ,3.9 
738.7 ,742.7 ,731.6 ,"217,012.4 ","51,219.3 ",10.0 ,10.1 ,9.5 ,"2,819.3 ",0.0 ,0.0 ,0.0 ,"1,768.2 ",3.9 ,4.0 ,3.9 
738.8 ,751.0 ,734.7 ,"391,683.0 ","78,204.8 ",9.7 ,10.3 ,9.6 ,"4,353.3 ",0.0 ,0.0 ,0.0 ,784.6 ,3.9 ,3.9 ,3.9 
740.9 ,745.7 ,731.0 ,"242,330.7 ","35,730.7 ",9.7 ,9.9 ,9.6 ,"4,569.1 ",0.0 ,0.0 ,0.0 ,517.1 ,3.9 ,3.9 ,3.9 
734.8 ,740.8 ,728.3 ,"348,765.5 ","165,074.0 ",9.2 ,9.7 ,8.6 ,"7,378.3 ",0.0 ,0.0 ,0.0 ,"1,181.0 ",3.9 ,3.9 ,3.8 
739.0 ,743.0 ,732.2 ,"168,064.8 ","50,757.7 ",9.3 ,9.8 ,9.2 ,379.3 ,0.0 ,0.0 ,0.0 ,994.4 ,3.9 ,3.9 ,3.8 
732.2 ,741.8 ,722.1 ,"206,562.1 ","40,414.8 ",9.2 ,9.4 ,9.1 ,533.9 ,0.0 ,0.0 ,0.0 ,996.2 ,3.9 ,3.9 ,3.8 
730.4 ,738.0 ,727.5 ,"166,446.4 ","74,720.6 ",8.8 ,9.2 ,8.6 ,544.3 ,0.0 ,0.0 ,0.0 ,"1,815.3 ",3.9 ,3.9 ,3.8 
734.2 ,735.5 ,728.3 ,"158,043.0 ","86,163.0 ",8.0 ,8.9 ,7.8 ,647.0 ,0.0 ,0.0 ,0.0 ,"2,561.9 ",3.9 ,3.9 ,3.8 
739.3 ,745.2 ,727.9 ,"208,095.2 ","79,503.0 ",8.5 ,8.7 ,7.8 ,"1,696.1 ",0.0 ,0.0 ,0.0 ,"1,377.2 ",3.9 ,3.9 ,3.8 
749.8 ,750.0 ,733.6 ,"270,861.4 ","68,490.8 ",8.5 ,8.7 ,8.2 ,498.2 ,0.0 ,0.0 ,0.0 ,574.8 ,3.9 ,3.9 ,3.8 
771.2 ,775.0 ,748.3 ,"535,222.8 ","66,160.7 ",8.2 ,8.5 ,8.0 ,"4,146.6 ",0.0 ,0.0 ,0.0 ,"1,590.0 ",3.9 ,3.9 ,3.9 
761.3 ,782.4 ,756.8 ,"439,808.8 ","296,601.5 ",8.0 ,8.2 ,7.3 ,"4,761.4 ",0.0 ,0.0 ,0.0 ,"2,229.2 ",3.9 ,3.9 ,3.9 
763.0 ,768.9 ,761.5 ,"121,141.5 ","42,078.2 ",7.9 ,8.1 ,7.6 ,"3,509.2 ",0.0 ,0.0 ,0.0 ,"5,710.3 ",3.9 ,3.9 ,3.9 
756.7 ,773.0 ,752.0 ,"356,950.4 ","74,657.5 ",7.4 ,7.8 ,7.3 ,635.7 ,0.0 ,0.0 ,0.0 ,"53,863.8 ",3.6 ,3.9 ,3.3 
755.0 ,758.4 ,747.0 ,"538,975.2 ","239,855.6 ",6.4 ,7.4 ,6.4 ,196.0 ,0.0 ,0.0 ,0.0 ,"23,537.7 ",3.5 ,3.6 ,3.4 
755.2 ,763.5 ,753.0 ,"522,961.2 ","467,185.3 ",7.5 ,7.9 ,5.9 ,"1,507.1 ",0.0 ,0.0 ,0.0 ,"20,301.7 ",3.5 ,3.5 ,3.4 
765.0 ,770.5 ,755.0 ,"277,261.3 ","120,403.1 ",8.6 ,8.7 ,7.3 ,"2,290.2 ",0.0 ,0.0 ,0.0 ,"5,690.3 ",3.7 ,3.7 ,3.5 
771.7 ,773.0 ,764.4 ,"176,237.9 ","130,040.5 ",8.3 ,8.8 ,8.0 ,480.6 ,0.0 ,0.0 ,0.0 ,"3,416.2 ",3.7 ,3.7 ,3.6 
773.0 ,774.0 ,769.2 ,"120,815.3 ","61,932.0 ",8.4 ,8.7 ,8.1 ,417.4 ,0.0 ,0.0 ,0.0 ,340.0 ,3.7 ,3.7 ,3.7 
767.5 ,776.0 ,753.3 ,"303,085.4 ","38,734.1 ",8.1 ,8.4 ,8.0 ,"1,278.5 ",0.0 ,0.0 ,0.0 ,"4,922.1 ",3.6 ,3.7 ,3.6 
771.0 ,771.0 ,764.1 ,"121,167.4 ","12,744.7 ",8.2 ,8.3 ,8.1 ,145.4 ,0.0 ,0.0 ,0.0 ,"1,870.3 ",3.6 ,3.7 ,3.6 
778.1 ,786.7 ,766.5 ,"437,098.2 ","123,512.9 ",8.3 ,8.6 ,8.1 ,397.6 ,0.0 ,0.0 ,0.0 ,"4,540.6 ",3.7 ,3.7 ,3.6 
782.0 ,783.9 ,774.2 ,"149,122.8 ","19,908.5 ",8.4 ,8.5 ,8.3 ,"1,974.5 ",0.0 ,0.0 ,0.0 ,425.7 ,3.7 ,3.7 ,3.6 
781.1 ,782.0 ,773.2 ,"142,824.9 ","45,065.5 ",8.1 ,8.4 ,8.1 ,237.2 ,0.0 ,0.0 ,0.0 ,637.1 ,3.7 ,3.7 ,3.6 
781.3 ,783.1 ,774.0 ,"169,451.3 ","46,309.4 ",7.9 ,8.1 ,7.7 ,"1,101.5 ",0.0 ,0.0 ,0.0 ,926.8 ,3.6 ,3.7 ,3.6 
788.2 ,791.0 ,778.0 ,"133,974.6 ","20,169.4 ",7.5 ,7.9 ,7.5 ,902.4 ,0.0 ,0.0 ,0.0 ,"1,175.9 ",3.6 ,3.7 ,3.6 
789.6 ,795.0 ,785.0 ,"146,125.1 ","77,700.1 ",7.7 ,8.0 ,7.5 ,"2,735.7 ",0.0 ,0.0 ,0.0 ,"6,793.6 ",3.7 ,3.7 ,3.6 
790.0 ,794.0 ,785.5 ,"152,133.9 ","31,310.9 ",7.8 ,7.9 ,7.7 ,651.4 ,0.0 ,0.0 ,0.0 ,"2,996.5 ",3.7 ,3.7 ,3.7 
794.0 ,795.0 ,789.3 ,"186,548.1 ","16,503.1 ",7.7 ,7.8 ,7.6 ,"1,217.1 ",0.0 ,0.0 ,0.0 ,"1,289.3 ",3.7 ,3.7 ,3.6 
808.5 ,809.3 ,791.5 ,"314,280.7 ","34,605.4 ",7.7 ,7.8 ,7.6 ,"2,163.7 ",0.0 ,0.0 ,0.0 ,"1,285.0 ",3.7 ,3.7 ,3.6 
850.8 ,858.5 ,805.5 ,"807,951.1 ","80,870.8 ",7.4 ,8.0 ,7.4 ,"1,721.6 ",0.0 ,0.0 ,0.0 ,"10,320.3 ",3.7 ,3.7 ,3.6 
899.0 ,909.0 ,838.9 ,"1,023,534.9 ","75,349.9 ",7.5 ,7.8 ,7.4 ,681.7 ,0.0 ,0.0 ,0.0 ,"5,924.0 ",3.7 ,3.8 ,3.6 
895.0 ,920.0 ,841.9 ,"1,480,289.7 ","83,149.2 ",7.3 ,7.6 ,7.0 ,"3,385.3 ",0.0 ,0.0 ,0.0 ,"53,653.2 ",4.3 ,4.7 ,3.7 
865.5 ,906.6 ,863.0 ,"915,512.8 ","29,437.4 ",7.3 ,7.4 ,7.2 ,226.5 ,0.0 ,0.0 ,0.0 ,"25,783.0 ",4.2 ,4.6 ,4.1 
899.7 ,916.5 ,850.9 ,"1,390,679.9 ","104,055.1 ",7.3 ,7.4 ,7.0 ,"4,319.4 ",0.0 ,0.0 ,0.0 ,"51,769.2 ",4.2 ,4.4 ,2.9 
911.6 ,914.6 ,886.3 ,"544,331.5 ","42,276.2 ",7.2 ,7.3 ,7.2 ,"1,285.1 ",0.0 ,0.0 ,0.0 ,"7,913.0 ",4.3 ,4.4 ,4.2 
960.4 ,960.4 ,908.7 ,"1,483,148.8 ","120,533.6 ",7.2 ,7.3 ,7.0 ,"2,395.0 ",0.0 ,0.0 ,0.0 ,"53,972.2 ",4.5 ,4.5 ,4.2 
974.7 ,984.5 ,947.3 ,"1,888,916.8 ","305,029.7 ",8.2 ,8.3 ,7.1 ,"2,275.4 ",0.0 ,0.0 ,0.0 ,"28,884.5 ",4.6 ,4.6 ,4.4 
944.0 ,980.0 ,941.2 ,"1,330,012.3 ","228,713.5 ",8.4 ,8.6 ,8.1 ,"2,680.0 ",0.0 ,0.0 ,0.0 ,"25,870.8 ",4.4 ,4.6 ,4.4 
956.6 ,967.9 ,925.4 ,"1,140,077.2 ","136,761.3 ",8.0 ,8.4 ,8.0 ,"1,333.0 ",0.0 ,0.0 ,0.0 ,"20,246.1 ",4.3 ,4.5 ,4.2 
963.7 ,968.0 ,948.5 ,"355,245.2 ","90,801.9 ",8.3 ,8.6 ,7.9 ,"1,885.3 ",0.0 ,0.0 ,0.0 ,"3,416.7 ",4.4 ,4.4 ,4.3 
"1,012.9 ","1,019.9 ",963.2 ,"1,441,145.7 ","113,072.0 ",8.2 ,8.4 ,8.1 ,"2,498.1 ",0.0 ,0.0 ,0.0 ,"21,950.9 ",4.5 ,4.6 ,4.4 
"1,018.3 ","1,034.3 ",994.0 ,"1,850,506.1 ","132,803.7 ",8.4 ,8.5 ,8.1 ,"12,913.2 ",0.0 ,0.0 ,0.0 ,"31,273.4 ",4.5 ,4.7 ,4.5 
"1,056.3 ","1,065.0 ","1,010.0 ","1,530,127.4 ","734,902.1 ",10.6 ,10.7 ,8.4 ,"1,554.0 ",0.0 ,0.0 ,0.0 ,"42,374.7 ",4.6 ,4.7 ,4.4 
"1,136.1 ","1,159.1 ","1,055.0 ","4,736,821.5 ","739,426.5 ",11.1 ,11.6 ,10.3 ,"33,036.4 ",0.0 ,0.0 ,0.0 ,"175,045.7 ",4.5 ,4.7 ,4.4 
952.0 ,"1,137.0 ",882.0 ,"9,946,939.0 ","985,972.2 ",10.1 ,11.1 ,9.3 ,"41,998.0 ",0.0 ,0.0 ,0.0 ,"95,245.2 ",4.2 ,4.6 ,4.1 
820.4 ,959.0 ,818.5 ,"6,228,992.6 ","537,831.3 ",9.6 ,10.3 ,9.4 ,"16,866.5 ",0.0 ,0.0 ,0.0 ,"28,501.7 ",3.6 ,4.2 ,3.6 
933.0 ,939.7 ,818.5 ,"3,496,213.1 ","261,272.0 ",9.9 ,10.1 ,9.6 ,"3,975.7 ",0.0 ,0.0 ,0.0 ,"25,543.2 ",4.0 ,4.1 ,3.6 
892.3 ,938.0 ,880.0 ,"2,560,471.7 ","345,018.1 ",10.4 ,10.4 ,9.9 ,"6,975.5 ",0.0 ,0.0 ,0.0 ,"22,709.9 ",3.9 ,4.1 ,3.9 
906.5 ,915.8 ,882.5 ,"958,451.7 ","259,148.4 ",10.4 ,10.8 ,10.2 ,"5,041.6 ",0.0 ,0.0 ,0.0 ,"41,965.0 ",4.4 ,4.5 ,3.9 
919.2 ,927.8 ,901.2 ,"1,083,409.4 ","132,672.9 ",10.6 ,10.7 ,10.3 ,"32,470.2 ",0.0 ,0.0 ,0.0 ,"44,952.2 ",4.5 ,4.7 ,4.4 
766.9 ,919.2 ,751.0 ,"7,076,359.0 ","618,511.6 ",9.3 ,10.6 ,9.2 ,"36,474.9 ",0.0 ,0.0 ,0.0 ,"91,313.8 ",3.8 ,4.5 ,3.8 
791.4 ,832.9 ,756.4 ,"2,626,503.9 ","246,346.5 ",9.5 ,10.1 ,9.2 ,"16,948.0 ",0.0 ,0.0 ,0.0 ,"28,199.3 ",3.9 ,4.1 ,3.8 
830.4 ,836.0 ,790.0 ,"1,669,173.6 ","81,399.2 ",9.7 ,9.7 ,9.4 ,"9,970.7 ",0.0 ,0.0 ,0.0 ,"7,431.1 ",4.0 ,4.1 ,3.9 
813.5 ,836.0 ,802.0 ,"1,073,215.7 ","45,893.5 ",9.7 ,9.9 ,9.5 ,"3,614.3 ",0.0 ,0.0 ,0.0 ,"8,094.5 ",3.9 ,4.0 ,3.8 
826.0 ,834.2 ,806.7 ,"710,967.1 ","42,706.6 ",9.6 ,9.9 ,9.6 ,"4,028.0 ",0.0 ,0.0 ,0.0 ,"9,573.7 ",3.9 ,3.9 ,3.9 
878.0 ,893.5 ,816.0 ,"1,342,523.8 ","139,680.7 ",9.9 ,10.0 ,9.5 ,"5,429.1 ",0.0 ,0.0 ,0.0 ,"37,856.0 ",3.9 ,4.0 ,3.8 
887.0 ,912.0 ,867.1 ,"2,393,537.1 ","569,161.1 ",10.2 ,10.5 ,9.8 ,"21,875.8 ",0.0 ,0.0 ,0.0 ,"29,041.9 ",3.9 ,4.0 ,3.9 
896.0 ,900.5 ,850.0 ,"1,737,901.2 ","216,035.7 ",10.2 ,10.3 ,9.7 ,"13,746.5 ",0.0 ,0.0 ,0.0 ,"14,337.9 ",3.9 ,3.9 ,3.8 
892.8 ,907.0 ,885.0 ,"1,093,172.6 ","328,505.7 ",10.6 ,10.8 ,10.2 ,"10,881.1 ",0.0 ,0.0 ,0.0 ,"10,291.7 ",3.9 ,3.9 ,3.8 
916.9 ,924.0 ,882.5 ,"1,219,401.1 ","121,048.4 ",10.6 ,10.8 ,10.5 ,"12,801.5 ",0.0 ,0.0 ,0.0 ,"13,965.8 ",3.9 ,4.0 ,3.9 
936.0 ,939.1 ,916.5 ,"1,016,001.2 ","148,895.6 ",10.9 ,11.0 ,10.6 ,"5,545.3 ",0.0 ,0.0 ,0.0 ,"7,077.2 ",3.9 ,3.9 ,3.9 
920.0 ,938.0 ,894.1 ,"1,470,303.6 ","113,311.1 ",10.7 ,10.9 ,10.5 ,"3,015.3 ",0.0 ,0.0 ,0.0 ,"13,862.6 ",3.8 ,3.9 ,3.8 
915.0 ,927.2 ,891.3 ,"2,189,429.9 ","193,159.9 ",10.6 ,10.8 ,10.6 ,"1,367.9 ",0.0 ,0.0 ,0.0 ,"42,998.0 ",3.8 ,3.9 ,3.7 
894.0 ,918.0 ,884.3 ,"1,572,161.3 ","164,690.4 ",10.4 ,10.7 ,10.3 ,"3,363.5 ",0.0 ,0.0 ,0.0 ,"10,130.0 ",3.8 ,3.8 ,3.7 
903.0 ,905.0 ,882.1 ,"914,165.8 ","69,133.4 ",10.5 ,10.6 ,10.3 ,"6,274.0 ",0.0 ,0.0 ,0.0 ,"24,578.4 ",3.7 ,3.8 ,3.7 
915.0 ,920.8 ,901.2 ,"950,538.6 ","72,242.1 ",10.5 ,10.6 ,10.4 ,"11,852.7 ",0.0 ,0.0 ,0.0 ,"28,450.8 ",3.8 ,3.9 ,3.7 
920.5 ,921.7 ,910.0 ,"766,025.8 ","37,236.4 ",10.5 ,10.6 ,10.4 ,"4,350.7 ",0.0 ,0.0 ,0.0 ,"18,797.9 ",3.8 ,3.9 ,3.8 
919.8 ,926.0 ,916.0 ,"608,396.1 ","48,431.4 ",10.5 ,10.6 ,10.4 ,"1,357.5 ",0.0 ,0.0 ,0.0 ,"15,334.1 ",3.9 ,3.9 ,3.8 
915.7 ,922.0 ,911.2 ,"350,121.7 ","40,900.4 ",10.4 ,10.5 ,10.4 ,"3,955.1 ",0.0 ,0.0 ,0.0 ,"30,335.1 ",3.9 ,4.0 ,3.8 
930.0 ,933.5 ,911.2 ,"519,812.6 ","81,618.4 ",10.6 ,10.7 ,10.4 ,"7,662.4 ",0.0 ,0.0 ,0.0 ,"73,598.9 ",4.1 ,4.3 ,3.9 
974.2 ,976.3 ,928.5 ,"1,767,711.7 ","159,515.0 ",10.6 ,10.8 ,10.5 ,"8,293.4 ",0.0 ,0.0 ,0.0 ,"34,315.2 ",4.1 ,4.1 ,4.0 
987.0 ,990.0 ,955.4 ,"1,656,466.2 ","153,569.2 ",10.6 ,10.7 ,10.4 ,"22,539.3 ",0.0 ,0.0 ,0.0 ,"18,947.4 ",4.0 ,4.1 ,4.0 
"1,006.0 ","1,023.0 ",983.5 ,"2,905,123.2 ","226,257.2 ",10.7 ,10.8 ,10.5 ,"8,178.4 ",0.0 ,0.0 ,0.0 ,"26,890.7 ",4.0 ,4.1 ,4.0 
"1,006.7 ","1,020.0 ",990.1 ,"1,232,938.6 ","195,497.8 ",11.2 ,11.3 ,10.6 ,"5,067.9 ",0.0 ,0.0 ,0.0 ,"18,198.1 ",4.0 ,4.1 ,3.9 
"1,025.8 ","1,040.0 ","1,006.1 ","1,468,645.2 ","155,223.8 ",11.2 ,11.4 ,11.2 ,"2,555.3 ",0.0 ,0.0 ,0.0 ,"23,490.2 ",4.0 ,4.0 ,3.9 
"1,021.0 ","1,032.8 ",999.0 ,"1,415,593.9 ","93,588.6 ",11.1 ,11.3 ,11.0 ,"7,862.5 ",0.0 ,0.0 ,0.0 ,"23,528.9 ",4.0 ,4.0 ,3.9 
"1,044.0 ","1,049.0 ","1,015.0 ","802,759.7 ","75,345.2 ",11.4 ,11.5 ,11.1 ,"4,316.4 ",0.0 ,0.0 ,0.0 ,"21,070.9 ",3.9 ,4.0 ,3.9 
"1,030.1 ","1,069.1 ","1,015.0 ","1,698,448.2 ","132,588.7 ",11.1 ,11.5 ,11.1 ,"10,872.4 ",0.0 ,0.0 ,0.0 ,"41,710.9 ",3.9 ,4.0 ,3.9 
"1,061.0 ","1,078.0 ","1,020.6 ","1,764,717.5 ","108,046.3 ",11.3 ,11.5 ,11.0 ,"12,523.2 ",0.0 ,0.0 ,0.0 ,"15,987.1 ",4.0 ,4.0 ,3.9 
956.0 ,"1,066.4 ",898.2 ,"7,410,775.2 ","425,853.5 ",10.9 ,11.4 ,10.4 ,"33,394.1 ",0.0 ,0.0 ,0.0 ,"79,733.3 ",3.7 ,4.0 ,3.6 
"1,010.0 ","1,010.0 ",952.0 ,"1,775,092.8 ","154,151.1 ",11.2 ,11.4 ,10.8 ,"5,531.9 ",0.0 ,0.0 ,0.0 ,"22,729.2 ",3.8 ,3.8 ,3.7 
"1,002.3 ","1,010.0 ",984.1 ,"922,891.9 ","131,740.2 ",11.3 ,11.4 ,11.1 ,"2,510.7 ",0.0 ,0.0 ,0.0 ,"5,233.9 ",3.7 ,3.8 ,3.7 
981.7 ,"1,005.0 ",975.9 ,"813,152.5 ","40,849.3 ",11.2 ,11.4 ,11.2 ,"5,421.2 ",0.0 ,0.0 ,0.0 ,"10,646.2 ",3.7 ,3.8 ,3.7 
"1,016.4 ","1,018.6 ",980.5 ,"954,759.1 ","289,940.4 ",12.1 ,12.2 ,11.1 ,"4,708.4 ",0.0 ,0.0 ,0.0 ,"19,158.3 ",3.8 ,3.8 ,3.7 
"1,007.0 ","1,019.0 ",995.1 ,"1,067,439.1 ","639,264.1 ",12.8 ,13.4 ,12.1 ,"15,386.8 ",0.0 ,0.0 ,0.0 ,"11,595.3 ",3.8 ,3.8 ,3.8 
"1,027.1 ","1,032.1 ","1,005.5 ","690,101.6 ","177,002.1 ",12.7 ,13.1 ,12.6 ,"14,123.3 ",0.0 ,0.0 ,0.0 ,"15,889.8 ",3.9 ,3.9 ,3.8 
"1,044.7 ","1,045.0 ","1,023.2 ","817,026.8 ","136,814.2 ",12.8 ,12.9 ,12.7 ,"44,191.8 ",0.0 ,0.0 ,0.0 ,"26,381.4 ",3.9 ,3.9 ,3.9 
"1,069.0 ","1,070.0 ","1,035.0 ","1,474,437.4 ","59,797.8 ",12.8 ,12.9 ,12.7 ,"22,162.4 ",0.0 ,0.0 ,0.0 ,"7,617.6 ",3.9 ,3.9 ,3.8 
"1,060.0 ","1,070.0 ","1,049.3 ","869,416.6 ","92,600.9 ",12.9 ,12.9 ,12.7 ,"38,180.0 ",0.0 ,0.0 ,0.0 ,"15,484.2 ",3.8 ,3.9 ,3.8 
"1,062.0 ","1,067.0 ","1,040.0 ","917,835.7 ","62,020.0 ",12.8 ,12.9 ,12.7 ,"15,357.2 ",0.0 ,0.0 ,0.0 ,"22,808.1 ",3.8 ,3.8 ,3.8 
"1,104.2 ","1,109.0 ","1,056.4 ","1,934,736.4 ","270,413.9 ",12.7 ,12.9 ,12.2 ,"4,661.5 ",0.0 ,0.0 ,0.0 ,"13,903.9 ",3.8 ,3.9 ,3.8 
"1,114.3 ","1,133.6 ","1,098.0 ","2,022,715.9 ","126,042.8 ",12.7 ,12.9 ,12.7 ,"7,005.0 ",0.0 ,0.0 ,0.0 ,"24,259.2 ",3.9 ,3.9 ,3.8 
"1,138.8 ","1,140.0 ","1,111.5 ","1,121,037.0 ","83,006.6 ",12.7 ,12.8 ,12.6 ,"4,940.6 ",0.0 ,0.0 ,0.0 ,"6,637.7 ",3.9 ,3.9 ,3.9 
"1,187.8 ","1,225.0 ","1,107.5 ","5,643,402.7 ","513,541.4 ",13.0 ,13.4 ,12.7 ,"29,034.2 ",0.0 ,0.0 ,0.0 ,"42,857.6 ",3.9 ,4.0 ,3.8 
"1,188.0 ","1,209.0 ","1,141.0 ","3,474,908.8 ","128,698.4 ",13.2 ,13.3 ,12.9 ,"5,857.9 ",0.0 ,0.0 ,0.0 ,"14,083.0 ",3.9 ,4.0 ,3.9 
"1,167.0 ","1,188.9 ","1,129.0 ","2,539,404.3 ","327,125.7 ",13.6 ,13.8 ,13.2 ,"1,873.8 ",0.0 ,0.0 ,0.0 ,"6,058.3 ",3.9 ,3.9 ,3.8 
"1,179.7 ","1,193.0 ","1,165.0 ","1,339,819.8 ","652,263.6 ",14.5 ,14.8 ,13.6 ,"3,006.4 ",0.0 ,0.0 ,0.0 ,"16,955.4 ",3.9 ,3.9 ,3.8 
"1,197.0 ","1,208.1 ","1,172.0 ","1,820,285.5 ","1,268,119.2 ",16.0 ,16.0 ,14.4 ,"8,240.8 ",0.0 ,0.0 ,0.0 ,"20,444.0 ",3.8 ,3.9 ,3.8 
"1,190.0 ","1,199.0 ","1,178.1 ","1,815,837.5 ","1,064,247.7 ",15.7 ,16.0 ,14.8 ,"18,785.8 ",0.0 ,0.0 ,0.0 ,"7,068.1 ",3.8 ,3.8 ,3.8 
"1,229.5 ","1,238.6 ","1,188.8 ","3,688,478.4 ","1,090,271.7 ",17.4 ,17.5 ,15.6 ,"47,941.1 ",0.0 ,0.0 ,0.0 ,"37,970.3 ",3.8 ,3.9 ,3.8 
"1,282.0 ","1,285.0 ","1,222.0 ","6,553,159.3 ","2,559,724.6 ",20.2 ,20.7 ,17.3 ,"74,760.8 ",0.0 ,0.0 ,0.0 ,"189,557.6 ",4.1 ,4.4 ,3.8 
"1,281.1 ","1,295.0 ","1,260.3 ","3,577,286.8 ","2,361,363.6 ",19.7 ,20.7 ,18.2 ,"44,747.1 ",0.0 ,0.0 ,0.0 ,"65,024.3 ",4.1 ,4.2 ,4.0 
"1,260.2 ","1,288.1 ","1,235.0 ","3,846,822.1 ","868,300.9 ",18.4 ,19.7 ,18.2 ,"16,779.2 ",0.0 ,0.0 ,0.0 ,"36,429.7 ",4.0 ,4.1 ,3.9 
"1,282.0 ","1,285.0 ","1,250.0 ","2,157,454.2 ","550,019.1 ",19.6 ,19.6 ,18.4 ,"12,347.9 ",0.0 ,0.0 ,0.0 ,"24,710.8 ",4.0 ,4.1 ,3.9 
"1,265.0 ","1,287.0 ","1,258.0 ","1,782,680.0 ","745,157.4 ",19.3 ,20.2 ,19.1 ,"11,186.7 ",0.0 ,0.0 ,0.0 ,"12,888.6 ",4.1 ,4.1 ,4.0 
"1,204.8 ","1,271.1 ","1,157.0 ","8,349,046.4 ","1,828,648.5 ",18.3 ,19.3 ,17.3 ,"67,541.5 ",0.0 ,0.0 ,0.0 ,"37,064.6 ",3.9 ,4.1 ,3.8 
"1,186.5 ","1,224.8 ","1,135.0 ","5,617,366.6 ","1,646,169.9 ",17.6 ,18.7 ,16.2 ,"123,430.7 ",0.0 ,0.0 ,0.0 ,"16,678.8 ",3.9 ,4.0 ,3.8 
"1,188.1 ","1,210.0 ","1,157.0 ","4,781,778.4 ","1,079,171.2 ",17.7 ,18.4 ,16.7 ,"37,986.2 ",0.0 ,0.0 ,0.0 ,"26,803.4 ",3.9 ,3.9 ,3.8 
"1,196.0 ","1,365.0 ","1,000.0 ","19,425,217.9 ","3,294,085.9 ",19.4 ,19.7 ,17.0 ,"137,634.0 ",0.0 ,0.0 ,0.0 ,"128,697.2 ",3.9 ,4.1 ,3.6 
"1,179.8 ","1,196.0 ","1,150.0 ","6,038,161.8 ","2,358,119.5 ",22.6 ,23.0 ,19.2 ,"29,406.9 ",0.0 ,0.0 ,0.0 ,"18,907.3 ",3.8 ,3.9 ,3.8 
"1,211.9 ","1,239.0 ","1,169.0 ","7,403,885.1 ","3,407,607.5 ",26.3 ,28.6 ,21.5 ,"55,168.1 ",0.0 ,0.0 ,0.0 ,"43,815.8 ",3.9 ,3.9 ,3.8 
"1,226.0 ","1,249.0 ","1,211.0 ","7,761,552.3 ","7,002,781.8 ",28.7 ,31.0 ,25.2 ,"66,646.6 ",0.0 ,0.0 ,0.0 ,"437,008.7 ",4.1 ,4.8 ,3.8 
"1,254.0 ","1,260.0 ","1,221.1 ","3,683,228.2 ","2,404,965.9 ",28.5 ,29.9 ,27.6 ,"23,760.7 ",0.0 ,0.0 ,0.0 ,"64,757.8 ",4.2 ,4.3 ,4.1 
"1,215.0 ","1,267.5 ","1,175.0 ","8,563,458.4 ","9,326,475.8 ",41.6 ,41.8 ,28.5 ,"97,814.9 ",0.0 ,0.0 ,0.0 ,"122,105.3 ",4.1 ,4.4 ,4.1 
"1,066.6 ","1,222.0 ","1,060.0 ","15,750,546.0 ","12,475,163.7 ",48.0 ,50.1 ,37.6 ,"160,817.7 ",0.0 ,0.0 ,0.0 ,"192,732.9 ",4.0 ,4.9 ,4.0 
"1,070.4 ","1,164.8 ","1,049.0 ","16,049,872.6 ","14,750,965.2 ",38.2 ,48.5 ,32.5 ,"78,677.0 ",0.0 ,0.0 ,0.0 ,"202,776.0 ",4.1 ,4.3 ,3.9 
"1,009.5 ","1,092.5 ",935.0 ,"20,670,876.5 ","14,207,889.4 ",38.0 ,41.1 ,30.7 ,"306,222.6 ",0.0 ,0.0 ,0.0 ,"140,232.2 ",4.0 ,4.2 ,3.8 
"1,024.1 ","1,063.5 ",973.0 ,"9,739,710.5 ","7,700,203.0 ",43.1 ,45.5 ,36.1 ,"121,765.0 ",0.0 ,0.0 ,0.0 ,"102,564.2 ",3.9 ,4.0 ,3.8 
"1,076.0 ","1,086.9 ","1,011.7 ","6,540,538.9 ","4,803,239.0 ",42.7 ,45.2 ,40.1 ,"73,257.5 ",0.0 ,0.0 ,0.0 ,"78,567.9 ",4.0 ,4.1 ,3.9 
"1,060.0 ","1,123.4 ","1,056.0 ","8,798,769.0 ","2,390,547.2 ",41.5 ,43.5 ,41.3 ,"103,344.4 ",0.0 ,0.0 ,0.0 ,"78,840.0 ",4.0 ,4.1 ,3.9 
"1,038.4 ","1,084.0 ",986.2 ,"11,174,870.9 ","3,889,772.3 ",40.6 ,42.8 ,38.6 ,"201,459.6 ",0.0 ,0.0 ,0.0 ,"157,298.0 ",4.0 ,4.0 ,3.8 
"1,017.5 ","1,057.0 ",992.0 ,"6,060,238.6 ","3,420,263.8 ",43.3 ,44.3 ,40.3 ,"977,689.7 ",0.0 ,0.0 ,0.0 ,"160,864.5 ",3.9 ,4.0 ,3.9 
931.0 ,"1,020.0 ",901.0 ,"16,170,174.4 ","13,707,036.4 ",50.3 ,54.3 ,43.0 ,"646,172.0 ",0.0 ,0.0 ,0.0 ,"264,113.9 ",4.0 ,4.3 ,3.9 
958.0 ,980.1 ,889.0 ,"10,438,964.1 ","5,423,129.5 ",50.9 ,53.3 ,47.7 ,"365,050.1 ",0.0 ,0.0 ,0.0 ,"90,297.8 ",4.1 ,4.2 ,4.0 
991.0 ,"1,008.5 ",948.4 ,"7,682,681.3 ","3,748,534.4 ",50.4 ,51.8 ,48.5 ,"192,800.9 ",0.0 ,0.0 ,0.0 ,"98,329.4 ",4.1 ,4.2 ,4.0 
"1,047.0 ","1,047.0 ",980.7 ,"10,148,542.6 ","3,346,893.1 ",49.1 ,50.8 ,47.9 ,"206,879.0 ",0.0 ,0.0 ,0.0 ,"116,203.2 ",4.2 ,4.2 ,4.0 
"1,020.2 ","1,066.0 ","1,008.0 ","8,249,995.3 ","4,428,243.5 ",53.0 ,53.8 ,48.3 ,"74,553.1 ",0.0 ,0.0 ,0.0 ,"95,478.4 ",4.2 ,4.2 ,4.1 
"1,047.9 ","1,058.0 ","1,019.0 ","5,196,467.1 ","3,607,571.2 ",51.7 ,53.8 ,50.9 ,"200,078.8 ",0.0 ,0.0 ,0.0 ,"334,475.7 ",5.6 ,5.6 ,4.2 
"1,047.1 ","1,058.6 ","1,022.0 ","9,637,088.4 ","3,849,385.6 ",50.4 ,53.0 ,49.0 ,"1,952,027.7 ",0.0 ,0.0 ,0.0 ,"4,060,698.7 ",6.6 ,8.3 ,5.4 
"1,096.0 ","1,096.0 ","1,042.1 ","8,899,391.2 ","3,886,546.4 ",48.9 ,51.0 ,47.1 ,"1,767,837.3 ",0.0 ,0.0 ,0.0 ,"1,477,588.9 ",6.7 ,8.0 ,5.9 
"1,098.0 ","1,107.1 ","1,069.0 ","6,334,689.6 ","2,224,773.8 ",50.0 ,51.8 ,48.5 ,"1,550,321.1 ",0.0 ,0.0 ,0.0 ,"1,392,626.9 ",7.5 ,7.8 ,6.6 
"1,133.8 ","1,150.0 ","1,075.0 ","22,886,081.5 ","7,911,031.2 ",46.0 ,51.1 ,43.7 ,"16,088,049.9 ",0.0 ,0.1 ,0.0 ,"1,987,118.0 ",8.3 ,8.7 ,7.2 
"1,149.6 ","1,161.0 ","1,120.4 ","13,609,437.6 ","4,102,420.5 ",42.6 ,47.5 ,42.2 ,"6,571,006.3 ",0.0 ,0.1 ,0.0 ,"1,999,447.8 ",9.1 ,9.6 ,8.2 
"1,124.0 ","1,164.4 ","1,122.4 ","9,125,014.7 ","4,672,537.2 ",46.5 ,46.9 ,41.2 ,"2,923,718.8 ",0.0 ,0.0 ,0.0 ,"2,038,416.9 ",9.4 ,9.8 ,8.2 
"1,154.9 ","1,168.8 ","1,113.5 ","11,768,759.4 ","2,592,803.3 ",45.6 ,47.2 ,43.9 ,"2,382,965.3 ",0.0 ,0.0 ,0.0 ,"7,316,668.5 ",11.7 ,13.0 ,9.0 
"1,195.0 ","1,220.0 ","1,150.1 ","13,531,882.3 ","3,612,384.4 ",44.0 ,46.0 ,41.1 ,"1,960,847.7 ",0.0 ,0.0 ,0.0 ,"4,713,884.5 ",10.9 ,12.4 ,9.9 
"1,200.0 ","1,208.0 ","1,181.0 ","9,562,997.3 ","2,684,155.8 ",44.3 ,46.0 ,41.7 ,"2,956,358.6 ",0.0 ,0.0 ,0.0 ,"2,448,744.0 ",10.6 ,11.0 ,9.5 
"1,190.5 ","1,202.3 ","1,172.4 ","5,171,290.3 ","1,260,084.0 ",44.8 ,45.5 ,43.7 ,"852,447.5 ",0.0 ,0.0 ,0.0 ,"1,146,305.8 ",10.4 ,11.3 ,10.4 
"1,214.9 ","1,227.3 ","1,180.0 ","6,864,642.3 ","1,124,149.1 ",43.8 ,44.8 ,43.2 ,"612,421.0 ",0.0 ,0.0 ,0.0 ,"3,477,224.6 ",9.2 ,10.5 ,9.0 
"1,210.9 ","1,229.0 ","1,202.0 ","4,604,994.4 ","1,167,863.6 ",44.2 ,44.7 ,43.0 ,"624,480.4 ",0.0 ,0.0 ,0.0 ,"1,773,156.5 ",9.8 ,10.4 ,9.2 
"1,232.0 ","1,246.2 ","1,206.3 ","5,395,288.9 ","1,276,721.6 ",43.9 ,44.5 ,43.7 ,"637,738.8 ",0.0 ,0.0 ,0.0 ,"2,549,211.0 ",12.2 ,12.4 ,9.5 
"1,205.9 ","1,240.0 ","1,180.0 ","8,300,435.3 ","4,749,993.3 ",48.6 ,49.3 ,43.8 ,"1,093,389.1 ",0.0 ,0.0 ,0.0 ,"3,076,449.6 ",11.5 ,12.3 ,11.3 
"1,200.2 ","1,211.0 ","1,161.0 ","7,552,147.0 ","4,244,006.8 ",49.0 ,51.4 ,47.9 ,"839,927.5 ",0.0 ,0.0 ,0.0 ,"1,636,521.1 ",11.2 ,11.6 ,10.8 
"1,206.8 ","1,221.7 ","1,185.0 ","5,278,844.4 ","2,420,967.3 ",49.0 ,50.2 ,47.5 ,"493,639.6 ",0.0 ,0.0 ,0.0 ,"1,824,858.0 ",11.6 ,12.5 ,11.2 
"1,208.0 ","1,218.0 ","1,186.0 ","4,777,013.0 ","1,556,868.5 ",49.5 ,50.8 ,47.9 ,"429,370.8 ",0.0 ,0.0 ,0.0 ,"1,027,167.6 ",11.8 ,12.1 ,11.5 
"1,208.4 ","1,217.0 ","1,201.1 ","3,256,393.5 ","432,360.2 ",49.2 ,49.8 ,48.8 ,"353,690.2 ",0.0 ,0.0 ,0.0 ,"1,018,508.5 ",12.5 ,12.7 ,11.8 
"1,266.0 ","1,270.0 ","1,206.0 ","10,166,463.8 ","2,050,894.0 ",50.3 ,50.4 ,49.0 ,"675,792.3 ",0.0 ,0.0 ,0.0 ,"3,576,212.6 ",11.6 ,13.1 ,11.0 
"1,266.8 ","1,280.0 ","1,253.7 ","7,688,809.9 ","4,377,063.4 ",52.7 ,52.8 ,50.3 ,"731,575.6 ",0.0 ,0.0 ,0.0 ,"1,913,092.3 ",11.5 ,11.8 ,11.1 
"1,266.9 ","1,293.0 ","1,257.0 ","5,983,907.5 ","3,882,086.0 ",50.9 ,52.8 ,47.8 ,"862,146.7 ",0.0 ,0.0 ,0.0 ,"1,776,088.3 ",10.9 ,11.5 ,10.5 
"1,313.5 ","1,328.0 ","1,266.5 ","9,110,565.0 ","2,111,026.5 ",52.0 ,52.2 ,50.4 ,"1,177,022.0 ",0.0 ,0.0 ,0.0 ,"2,234,209.5 ",12.0 ,12.0 ,10.8 
"1,320.7 ","1,335.0 ","1,308.0 ","6,180,984.2 ","1,416,152.6 ",51.2 ,52.0 ,51.0 ,"1,852,377.4 ",0.0 ,0.0 ,0.0 ,"3,637,174.6 ",13.4 ,13.7 ,11.9 
"1,347.2 ","1,354.1 ","1,291.6 ","8,339,064.6 ","1,225,257.9 ",52.6 ,52.9 ,51.2 ,"865,847.5 ",0.0 ,0.0 ,0.0 ,"6,673,687.2 ",16.7 ,17.2 ,13.2 
"1,330.0 ","1,366.9 ","1,328.5 ","7,495,040.6 ","1,815,285.8 ",53.1 ,54.3 ,51.9 ,"460,037.0 ",0.0 ,0.0 ,0.0 ,"4,844,801.3 ",15.6 ,17.4 ,15.6 
"1,355.0 ","1,356.2 ","1,326.0 ","6,918,750.0 ","1,238,416.5 ",53.7 ,54.0 ,53.0 ,"979,747.9 ",0.0 ,0.0 ,0.0 ,"2,439,106.0 ",15.9 ,16.3 ,15.1 
"1,376.6 ","1,380.8 ","1,348.4 ","5,770,856.1 ","860,423.4 ",54.0 ,54.3 ,53.5 ,"511,339.2 ",0.0 ,0.0 ,0.0 ,"1,993,454.0 ",16.5 ,17.0 ,15.4 
"1,412.1 ","1,418.9 ","1,373.8 ","8,130,650.4 ","3,672,933.4 ",60.0 ,60.0 ,54.0 ,"899,966.8 ",0.0 ,0.0 ,0.0 ,"3,288,424.3 ",16.0 ,17.2 ,15.9 
"1,426.1 ","1,450.0 ","1,396.8 ","12,502,588.1 ","7,636,944.6 ",72.6 ,73.3 ,59.9 ,"2,439,922.6 ",0.0 ,0.0 ,0.0 ,"3,782,993.6 ",15.5 ,16.4 ,14.2 
"1,406.5 ","1,429.7 ","1,369.5 ","11,712,397.4 ","6,325,568.5 ",73.2 ,77.6 ,66.0 ,"4,382,164.4 ",0.1 ,0.1 ,0.0 ,"1,163,228.5 ",15.7 ,16.0 ,15.1 
"1,426.3 ","1,438.0 ","1,404.1 ","9,678,192.1 ","3,448,013.0 ",75.2 ,76.0 ,71.2 ,"3,449,426.8 ",0.1 ,0.1 ,0.1 ,"2,203,703.0 ",17.2 ,17.5 ,15.6 
"1,461.4 ","1,466.9 ","1,402.0 ","11,248,038.3 ","6,138,003.2 ",86.3 ,87.9 ,74.2 ,"2,274,870.9 ",0.1 ,0.1 ,0.1 ,"1,511,387.1 ",17.6 ,17.6 ,16.6 
"1,543.0 ","1,585.2 ","1,446.3 ","18,318,573.8 ","8,455,827.9 ",84.1 ,87.5 ,77.3 ,"2,286,329.5 ",0.1 ,0.1 ,0.1 ,"3,037,495.4 ",17.4 ,17.8 ,16.1 
"1,557.3 ","1,615.0 ","1,510.0 ","11,877,346.6 ","3,561,553.1 ",82.2 ,84.4 ,79.7 ,"1,288,042.1 ",0.1 ,0.1 ,0.1 ,"1,659,097.0 ",19.3 ,19.5 ,16.6 
"1,608.3 ","1,628.9 ","1,545.3 ","16,707,949.2 ","4,488,919.5 ",90.2 ,92.6 ,81.9 ,"3,233,551.3 ",0.1 ,0.1 ,0.1 ,"9,245,756.1 ",22.5 ,24.4 ,18.5 
"1,643.0 ","1,699.1 ","1,515.0 ","28,768,433.5 ","9,153,274.9 ",99.2 ,101.0 ,88.9 ,"8,621,799.7 ",0.1 ,0.1 ,0.1 ,"8,655,124.8 ",27.1 ,27.4 ,21.7 
"1,567.6 ","1,661.0 ","1,454.1 ","30,992,262.8 ","8,770,564.7 ",92.1 ,101.0 ,85.0 ,"9,336,491.9 ",0.1 ,0.1 ,0.1 ,"7,353,784.5 ",26.4 ,29.5 ,23.6 
"1,577.5 ","1,629.5 ","1,550.0 ","21,668,144.1 ","2,936,258.4 ",94.7 ,97.0 ,90.5 ,"4,836,924.0 ",0.1 ,0.1 ,0.1 ,"5,822,430.3 ",31.0 ,31.6 ,26.2 
"1,675.6 ","1,690.0 ","1,568.0 ","39,033,113.5 ","6,267,421.7 ",92.1 ,98.7 ,88.5 ,"16,113,286.0 ",0.2 ,0.2 ,0.1 ,"5,695,645.1 ",29.7 ,32.5 ,28.4 
"1,769.0 ","1,775.0 ","1,643.7 ","30,086,798.3 ","5,786,060.7 ",80.0 ,93.1 ,79.5 ,"17,230,961.7 ",0.1 ,0.2 ,0.1 ,"3,855,390.2 ",25.5 ,31.1 ,24.5 
"1,750.4 ","1,813.8 ","1,702.0 ","29,625,534.4 ","5,981,958.3 ",89.5 ,91.4 ,70.5 ,"7,236,594.6 ",0.2 ,0.2 ,0.1 ,"7,984,675.6 ",38.8 ,38.9 ,23.6 
"1,880.0 ","1,897.0 ","1,749.9 ","20,100,058.9 ","3,027,125.5 ",89.1 ,92.3 ,86.0 ,"4,175,773.7 ",0.2 ,0.2 ,0.2 ,"9,774,233.8 ",31.5 ,39.2 ,28.0 
"1,819.6 ","1,901.0 ","1,759.6 ","22,175,380.2 ","2,362,494.2 ",91.1 ,92.0 ,87.4 ,"4,687,970.3 ",0.2 ,0.2 ,0.2 ,"4,019,356.6 ",30.7 ,34.1 ,29.3 
"1,723.0 ","1,858.9 ","1,652.0 ","24,861,343.2 ","3,183,179.8 ",88.0 ,92.0 ,85.0 ,"6,334,944.9 ",0.2 ,0.2 ,0.2 ,"3,694,827.2 ",27.2 ,31.0 ,25.5 
"1,846.0 ","1,849.2 ","1,723.0 ","10,169,491.9 ","1,076,638.1 ",90.7 ,91.0 ,87.1 ,"2,556,565.7 ",0.2 ,0.2 ,0.2 ,"1,832,064.5 ",30.4 ,31.1 ,27.2 
"1,777.0 ","1,855.0 ","1,766.0 ","13,071,776.3 ","1,834,314.3 ",91.4 ,91.8 ,88.1 ,"4,866,165.6 ",0.2 ,0.3 ,0.2 ,"1,657,921.2 ",28.0 ,30.5 ,27.7 
"1,735.0 ","1,786.0 ","1,719.0 ","21,579,469.7 ","3,427,701.2 ",92.3 ,95.2 ,91.2 ,"11,347,427.7 ",0.3 ,0.3 ,0.2 ,"4,922,405.3 ",24.0 ,28.3 ,23.2 
"1,853.9 ","1,891.8 ","1,735.0 ","25,278,130.3 ","3,960,431.6 ",88.6 ,92.5 ,84.0 ,"19,630,302.4 ",0.4 ,0.4 ,0.3 ,"4,843,467.1 ",23.6 ,26.0 ,20.8 
"1,882.0 ","1,900.0 ","1,834.0 ","19,463,227.1 ","3,201,967.6 ",96.8 ,96.9 ,87.4 ,"13,205,845.6 ",0.4 ,0.4 ,0.3 ,"3,580,304.7 ",26.2 ,27.1 ,23.0 
"1,972.9 ","1,977.9 ","1,860.0 ","18,459,423.2 ","7,709,316.0 ",113.1 ,113.8 ,93.5 ,"8,622,207.6 ",0.4 ,0.4 ,0.3 ,"4,290,025.4 ",28.0 ,29.9 ,25.7 
"1,995.2 ","2,000.0 ","1,926.0 ","18,781,478.4 ","8,234,665.2 ",123.4 ,130.0 ,110.7 ,"8,738,597.1 ",0.3 ,0.4 ,0.3 ,"2,016,250.1 ",27.9 ,28.7 ,26.2 
"2,053.0 ","2,085.0 ","1,959.9 ","17,960,944.7 ","4,738,917.5 ",130.0 ,130.0 ,121.4 ,"7,288,735.5 ",0.4 ,0.4 ,0.3 ,"1,331,838.1 ",26.3 ,27.9 ,26.3 
"2,155.0 ","2,160.4 ","1,985.0 ","23,904,087.7 ","10,305,445.3 ",167.4 ,167.7 ,128.7 ,"6,652,552.1 ",0.3 ,0.4 ,0.3 ,"3,541,004.3 ",24.1 ,28.9 ,24.0 
"2,140.2 ","2,229.2 ","1,975.2 ","31,198,289.2 ","14,316,878.9 ",163.3 ,183.5 ,138.4 ,"6,282,744.7 ",0.3 ,0.3 ,0.3 ,"2,544,991.7 ",27.0 ,27.0 ,21.7 
"2,294.0 ","2,320.0 ","2,105.0 ","25,571,926.6 ","9,459,597.3 ",181.8 ,186.8 ,152.4 ,"6,220,568.2 ",0.3 ,0.3 ,0.3 ,"5,311,813.3 ",32.8 ,32.8 ,26.5 
"2,467.0 ","2,510.0 ","2,220.0 ","43,071,923.5 ","12,509,754.7 ",184.9 ,194.8 ,168.7 ,"9,912,300.4 ",0.3 ,0.3 ,0.2 ,"5,565,460.2 ",30.6 ,34.6 ,27.1 
"2,385.0 ","2,698.4 ","2,075.1 ","65,450,454.8 ","18,012,181.4 ",178.3 ,205.8 ,141.0 ,"8,140,030.3 ",0.3 ,0.3 ,0.2 ,"4,689,793.1 ",29.0 ,34.1 ,24.1 
"1,929.3 ","2,484.5 ","1,812.0 ","82,968,991.4 ","23,699,655.5 ",134.0 ,186.6 ,120.1 ,"9,233,148.9 ",0.2 ,0.3 ,0.2 ,"6,787,322.0 ",21.0 ,30.0 ,18.7 
"2,134.0 ","2,134.0 ","1,538.0 ","78,198,448.5 ","29,734,885.2 ",169.1 ,171.0 ,100.0 ,"12,568,990.0 ",0.2 ,0.2 ,0.1 ,"3,744,028.9 ",24.7 ,24.9 ,15.5 
"2,080.0 ","2,196.0 ","1,850.0 ","45,740,739.0 ","16,713,053.3 ",161.9 ,172.6 ,139.1 ,"5,313,960.9 ",0.2 ,0.2 ,0.2 ,"2,668,685.4 ",23.7 ,25.0 ,19.6 
"2,239.9 ","2,284.0 ","2,069.1 ","35,806,343.9 ","24,465,210.9 ",212.6 ,215.6 ,159.6 ,"6,023,572.6 ",0.2 ,0.2 ,0.2 ,"2,588,796.1 ",25.8 ,26.1 ,23.0 
"2,099.7 ","2,262.0 ","2,005.9 ","43,890,575.5 ","36,262,536.2 ",207.0 ,230.2 ,187.5 ,"5,114,545.7 ",0.2 ,0.2 ,0.2 ,"2,411,319.1 ",23.4 ,26.0 ,21.8 
"2,325.8 ","2,325.3 ","2,083.4 ","31,993,481.4 ","19,952,680.4 ",222.5 ,227.2 ,207.0 ,"9,686,735.4 ",0.3 ,0.3 ,0.2 ,"2,097,366.9 ",26.0 ,26.0 ,23.1 
"2,326.9 ","2,368.6 ","2,196.1 ","33,773,110.8 ","16,207,765.3 ",212.7 ,224.0 ,200.0 ,"14,492,334.6 ",0.3 ,0.3 ,0.3 ,"3,447,659.8 ",27.2 ,28.8 ,24.2 
"2,395.0 ","2,413.9 ","2,267.9 ","23,445,802.4 ","5,990,462.4 ",214.0 ,218.7 ,208.5 ,"5,567,335.6 ",0.3 ,0.3 ,0.3 ,"1,789,112.5 ",26.5 ,27.4 ,25.3 
"2,447.8 ","2,482.3 ","2,374.0 ","24,432,321.2 ","7,454,692.1 ",224.6 ,231.0 ,210.3 ,"3,607,823.6 ",0.3 ,0.3 ,0.3 ,"904,625.3 ",26.1 ,26.9 ,25.8 
"2,505.0 ","2,535.0 ","2,425.0 ","17,995,144.2 ","9,835,059.8 ",238.3 ,246.1 ,224.2 ,"3,379,651.9 ",0.3 ,0.3 ,0.3 ,"2,151,209.3 ",27.9 ,29.0 ,26.0 
"2,759.6 ","2,800.0 ","2,477.5 ","47,438,740.0 ","11,197,484.1 ",251.1 ,258.0 ,232.0 ,"4,388,437.6 ",0.3 ,0.3 ,0.3 ,"5,726,649.3 ",29.3 ,30.9 ,27.5 
"2,790.7 ","2,895.0 ","2,652.0 ","64,316,693.3 ","14,312,182.5 ",258.5 ,265.6 ,246.7 ,"5,125,389.4 ",0.3 ,0.3 ,0.3 ,"3,583,011.8 ",29.5 ,30.9 ,27.0 
"2,730.1 ","2,826.1 ","2,558.9 ","52,813,831.5 ","11,371,123.2 ",255.0 ,262.0 ,240.0 ,"6,533,875.1 ",0.3 ,0.3 ,0.3 ,"1,698,263.6 ",28.8 ,29.9 ,27.4 
"2,790.4 ","2,830.4 ","2,656.4 ","27,126,487.6 ","6,483,322.5 ",262.0 ,262.9 ,248.0 ,"3,551,198.5 ",0.3 ,0.3 ,0.3 ,"2,726,943.2 ",30.1 ,31.5 ,28.0 
"2,793.8 ","2,851.0 ","2,785.0 ","23,555,035.1 ","11,320,238.7 ",284.9 ,290.7 ,260.7 ,"2,080,743.7 ",0.3 ,0.3 ,0.3 ,"1,380,542.7 ",29.3 ,30.4 ,29.3 
"2,826.1 ","2,906.2 ","2,760.0 ","31,841,906.0 ","24,908,299.7 ",340.8 ,343.0 ,283.5 ,"4,178,619.8 ",0.3 ,0.3 ,0.3 ,"1,301,830.6 ",29.4 ,30.0 ,28.4 
"2,887.0 ","2,977.0 ","2,806.1 ","32,548,676.8 ","17,777,600.7 ",360.2 ,365.4 ,321.5 ,"3,396,507.4 ",0.3 ,0.3 ,0.3 ,"3,416,720.4 ",31.1 ,34.3 ,28.9 
"2,680.0 ","2,893.1 ","2,300.0 ","97,033,058.7 ","74,211,736.5 ",376.5 ,408.1 ,299.7 ,"6,893,823.4 ",0.3 ,0.3 ,0.2 ,"4,015,624.6 ",29.1 ,31.1 ,24.7 
"2,642.4 ","2,750.0 ","2,566.0 ","32,720,939.8 ","18,006,841.5 ",371.0 ,391.0 ,341.8 ,"2,742,998.1 ",0.3 ,0.3 ,0.2 ,"2,007,367.2 ",29.4 ,31.1 ,27.5 
"2,352.0 ","2,675.0 ","2,115.0 ","83,004,797.7 ","47,116,349.8 ",324.9 ,377.0 ,280.1 ,"7,128,382.5 ",0.2 ,0.3 ,0.2 ,"5,072,322.9 ",27.2 ,30.2 ,24.9 
"2,376.8 ","2,430.0 ","2,012.0 ","91,540,288.4 ","65,325,107.3 ",332.5 ,343.5 ,258.3 ,"5,336,951.5 ",0.2 ,0.2 ,0.2 ,"5,449,601.0 ",29.5 ,30.3 ,24.0 
"2,453.0 ","2,480.0 ","2,318.0 ","38,523,254.7 ","20,573,145.5 ",347.8 ,355.0 ,328.6 ,"2,148,874.6 ",0.2 ,0.3 ,0.2 ,"13,249,356.2 ",37.9 ,39.1 ,28.6 
"2,421.2 ","2,640.4 ","2,423.8 ","43,407,502.8 ","15,273,533.1 ",340.0 ,376.9 ,341.7 ,"3,326,724.9 ",0.2 ,0.3 ,0.2 ,"20,113,193.6 ",38.5 ,47.6 ,36.4 
"2,563.9 ","2,596.3 ","2,408.0 ","37,813,784.0 ","15,476,087.3 ",359.5 ,368.1 ,335.9 ,"4,617,921.0 ",0.3 ,0.3 ,0.2 ,"14,386,644.3 ",46.9 ,47.8 ,38.3 
"2,599.9 ","2,620.4 ","2,481.5 ","27,963,304.8 ","9,002,400.9 ",359.4 ,365.0 ,346.1 ,"4,539,985.7 ",0.3 ,0.3 ,0.3 ,"11,572,688.8 ",47.0 ,49.9 ,45.2 
"2,708.1 ","2,785.5 ","2,563.7 ","42,514,404.6 ","18,041,234.9 ",337.0 ,367.1 ,321.1 ,"8,391,103.2 ",0.3 ,0.3 ,0.3 ,"7,222,906.0 ",43.4 ,47.1 ,40.8 
"2,600.0 ","2,726.7 ","2,541.2 ","37,678,688.0 ","24,281,983.7 ",308.0 ,344.5 ,290.0 ,"4,707,667.6 ",0.3 ,0.3 ,0.3 ,"5,453,336.7 ",44.0 ,45.5 ,41.5 
"2,685.0 ","2,714.8 ","2,569.3 ","18,261,863.7 ","7,858,823.1 ",326.0 ,331.0 ,306.6 ,"2,471,525.1 ",0.3 ,0.3 ,0.3 ,"4,410,926.8 ",45.9 ,48.1 ,43.7 
"2,670.9 ","2,720.0 ","2,650.0 ","13,126,178.1 ","4,401,252.3 ",324.0 ,330.6 ,321.5 ,"2,972,827.0 ",0.3 ,0.3 ,0.3 ,"2,209,222.1 ",44.0 ,46.0 ,43.4 
"2,518.1 ","2,675.0 ","2,431.7 ","40,488,785.7 ","17,298,911.1 ",298.3 ,324.5 ,284.4 ,"3,671,235.8 ",0.3 ,0.3 ,0.3 ,"3,750,756.5 ",41.9 ,44.6 ,40.0 
"2,382.0 ","2,602.1 ","2,358.0 ","45,029,154.5 ","28,771,069.8 ",251.9 ,307.0 ,251.2 ,"2,508,351.4 ",0.2 ,0.3 ,0.2 ,"4,969,427.6 ",37.6 ,44.0 ,37.3 
"2,330.0 ","2,463.1 ","2,192.0 ","76,914,761.2 ","55,347,748.1 ",231.0 ,263.5 ,206.2 ,"5,157,041.3 ",0.2 ,0.3 ,0.2 ,"6,970,742.0 ",35.0 ,39.0 ,32.7 
"2,475.0 ","2,516.0 ","2,168.3 ","58,889,497.1 ","48,413,147.4 ",276.0 ,280.9 ,204.0 ,"3,700,624.1 ",0.3 ,0.3 ,0.2 ,"5,252,927.0 ",38.9 ,39.9 ,32.4 
"2,506.9 ","2,560.8 ","2,428.9 ","31,902,377.0 ","35,553,726.6 ",307.2 ,318.5 ,268.6 ,"2,629,842.4 ",0.3 ,0.3 ,0.2 ,"5,337,245.2 ",40.7 ,42.6 ,38.4 
"2,443.0 ","2,539.6 ","2,399.0 ","31,387,160.9 ","34,523,109.6 ",284.7 ,307.9 ,275.0 ,"2,277,048.8 ",0.2 ,0.3 ,0.2 ,"3,261,301.7 ",38.7 ,41.1 ,38.0 
"2,432.2 ","2,510.0 ","2,357.6 ","25,743,158.1 ","25,371,086.0 ",264.5 ,302.0 ,255.5 ,"2,708,475.8 ",0.2 ,0.3 ,0.2 ,"2,168,461.1 ",38.4 ,40.8 ,37.6 
"2,352.4 ","2,442.0 ","2,284.0 ","25,824,106.2 ","23,325,965.6 ",257.5 ,275.5 ,241.0 ,"1,398,624.3 ",0.2 ,0.2 ,0.2 ,"2,272,545.8 ",37.3 ,38.7 ,35.2 
"2,426.4 ","2,465.0 ","2,340.8 ","23,803,556.4 ","25,505,193.2 ",268.7 ,286.0 ,250.7 ,"1,029,548.5 ",0.2 ,0.3 ,0.2 ,"5,736,763.6 ",43.8 ,44.5 ,37.1 
"2,614.0 ","2,631.3 ","2,421.4 ","37,123,004.9 ","17,247,931.0 ",280.7 ,284.8 ,266.7 ,"2,059,410.7 ",0.3 ,0.3 ,0.2 ,"13,819,593.6 ",49.9 ,51.7 ,42.2 
"2,498.1 ","2,618.8 ","2,480.6 ","23,921,264.1 ","12,885,805.9 ",258.4 ,283.7 ,255.1 ,"1,571,050.8 ",0.2 ,0.3 ,0.2 ,"16,797,992.8 ",50.3 ,55.4 ,48.1 
"2,585.0 ","2,619.9 ","2,492.0 ","17,784,244.5 ","12,851,046.3 ",268.7 ,272.0 ,250.7 ,"1,035,474.1 ",0.2 ,0.3 ,0.2 ,"8,382,279.9 ",50.4 ,53.5 ,48.5 
"2,521.0 ","2,602.9 ","2,509.9 ","18,476,908.6 ","7,170,957.5 ",253.2 ,273.1 ,252.1 ,"1,116,278.5 ",0.2 ,0.3 ,0.2 ,"5,268,657.7 ",47.3 ,51.7 ,46.4 
"2,448.5 ","2,531.4 ","2,420.0 ","30,920,642.6 ","15,911,632.0 ",236.1 ,256.1 ,227.5 ,"1,878,375.4 ",0.2 ,0.2 ,0.2 ,"7,544,477.1 ",45.0 ,48.3 ,43.2 
"2,515.0 ","2,559.0 ","2,443.6 ","17,587,402.2 ","8,121,003.2 ",243.2 ,249.0 ,232.0 ,"1,286,141.4 ",0.2 ,0.2 ,0.2 ,"7,557,919.9 ",49.7 ,52.1 ,45.0 
"2,499.0 ","2,535.7 ","2,455.6 ","15,406,455.0 ","5,965,149.9 ",236.2 ,244.4 ,232.0 ,"981,323.5 ",0.2 ,0.2 ,0.2 ,"4,416,332.0 ",49.3 ,50.3 ,47.3 
"2,300.0 ","2,499.0 ","2,183.0 ","63,628,089.9 ","39,914,730.1 ",185.8 ,236.5 ,170.0 ,"4,722,346.5 ",0.2 ,0.2 ,0.1 ,"11,382,670.4 ",42.2 ,49.4 ,40.0 
"2,281.5 ","2,375.4 ","2,195.0 ","47,611,957.4 ","33,717,556.6 ",196.6 ,208.0 ,176.0 ,"4,003,833.8 ",0.2 ,0.2 ,0.2 ,"10,467,491.0 ",44.6 ,46.2 ,40.5 
"2,320.6 ","2,400.0 ","2,270.1 ","38,502,054.1 ","33,150,746.7 ",203.9 ,225.7 ,194.0 ,"3,778,525.2 ",0.2 ,0.2 ,0.2 ,"9,388,265.3 ",44.4 ,48.1 ,44.2 
"2,332.4 ","2,371.8 ","2,271.1 ","27,125,526.2 ","18,917,694.5 ",201.5 ,212.0 ,190.2 ,"1,701,441.6 ",0.2 ,0.2 ,0.2 ,"4,086,336.1 ",45.3 ,46.1 ,43.5 
"2,040.1 ","2,333.0 ","2,000.0 ","48,042,446.0 ","19,910,893.6 ",185.2 ,202.0 ,180.2 ,"1,886,114.4 ",0.2 ,0.2 ,0.2 ,"7,821,279.4 ",39.2 ,45.4 ,38.7 
"1,988.2 ","2,119.0 ","1,957.0 ","52,487,747.2 ","24,747,977.3 ",159.8 ,187.9 ,157.1 ,"2,118,397.3 ",0.2 ,0.2 ,0.2 ,"6,863,921.4 ",39.3 ,40.9 ,37.6 
"2,045.6 ","2,088.0 ","1,835.0 ","68,301,666.9 ","55,146,659.7 ",174.2 ,180.5 ,138.2 ,"6,892,290.4 ",0.2 ,0.2 ,0.1 ,"9,944,128.7 ",41.8 ,42.8 ,36.0 
"2,253.0 ","2,287.6 ","1,968.0 ","61,909,391.1 ","53,433,234.5 ",190.1 ,194.4 ,159.5 ,"5,056,408.6 ",0.2 ,0.2 ,0.1 ,"10,218,672.3 ",42.8 ,43.4 ,39.6 
"2,376.0 ","2,409.9 ","2,204.0 ","72,884,003.6 ","105,379,617.0 ",239.6 ,265.3 ,185.2 ,"4,395,525.2 ",0.2 ,0.2 ,0.2 ,"8,328,442.0 ",43.6 ,45.0 ,41.6 
"2,312.8 ","2,399.7 ","2,210.0 ","47,695,069.1 ","78,683,037.2 ",204.4 ,243.4 ,184.9 ,"3,674,189.2 ",0.2 ,0.2 ,0.2 ,"5,386,026.1 ",41.1 ,44.1 ,39.2 
"2,763.3 ","2,926.0 ","2,302.6 ","140,575,287.0 ","64,768,210.6 ",235.0 ,240.0 ,202.0 ,"5,831,142.9 ",0.2 ,0.2 ,0.2 ,"13,897,116.2 ",47.2 ,48.0 ,40.6 
"2,797.0 ","2,805.9 ","2,600.5 ","49,806,133.2 ","25,815,804.5 ",226.2 ,235.2 ,210.0 ,"2,399,740.3 ",0.2 ,0.2 ,0.2 ,"3,867,175.8 ",46.2 ,47.3 ,44.1 
"2,726.4 ","2,909.5 ","2,713.0 ","64,685,145.6 ","21,964,923.8 ",222.6 ,237.2 ,221.7 ,"6,307,919.1 ",0.2 ,0.2 ,0.2 ,"4,265,138.1 ",44.1 ,47.8 ,44.1 
"2,737.3 ","2,820.0 ","2,655.0 ","37,449,274.8 ","14,449,259.3 ",224.8 ,232.7 ,218.1 ,"2,901,798.4 ",0.2 ,0.2 ,0.2 ,"3,005,875.9 ",44.6 ,45.9 ,43.7 
"2,664.0 ","2,815.5 ","2,625.6 ","44,879,302.6 ","14,279,768.2 ",211.4 ,229.9 ,210.0 ,"2,227,284.0 ",0.2 ,0.2 ,0.2 ,"2,950,240.7 ",42.4 ,45.7 ,42.2 
"2,483.0 ","2,705.0 ","2,417.3 ","100,830,825.0 ","38,467,746.0 ",196.0 ,219.0 ,190.0 ,"3,780,249.3 ",0.2 ,0.2 ,0.2 ,"6,421,702.2 ",41.4 ,43.5 ,40.1 
"2,538.0 ","2,579.4 ","2,400.0 ","40,488,715.2 ","13,116,174.7 ",200.0 ,206.5 ,194.1 ,"1,322,300.5 ",0.2 ,0.2 ,0.2 ,"2,292,520.8 ",41.4 ,42.5 ,40.5 
"2,745.2 ","2,745.2 ","2,525.7 ","42,838,090.1 ","10,401,975.3 ",199.2 ,206.0 ,198.2 ,"1,459,556.3 ",0.2 ,0.2 ,0.2 ,"3,628,290.9 ",41.8 ,42.2 ,40.5 
"2,738.2 ","2,844.2 ","2,681.0 ","49,020,243.2 ","14,935,967.8 ",182.2 ,201.3 ,181.8 ,"1,934,486.1 ",0.2 ,0.2 ,0.2 ,"3,770,942.3 ",38.8 ,41.9 ,38.1 
"2,635.2 ","2,762.0 ","2,620.0 ","25,029,728.7 ","19,051,696.4 ",195.4 ,210.7 ,176.5 ,"1,371,386.1 ",0.2 ,0.2 ,0.2 ,"2,930,165.8 ",39.8 ,42.0 ,38.3 
"2,741.0 ","2,755.8 ","2,626.0 ","19,124,914.3 ","8,186,182.4 ",195.4 ,203.0 ,191.0 ,"711,142.3 ",0.2 ,0.2 ,0.2 ,"1,305,293.6 ",39.5 ,40.9 ,39.1 
"2,770.0 ","2,927.0 ","2,710.0 ","37,611,983.7 ","22,868,683.6 ",213.0 ,224.6 ,189.6 ,"2,555,841.6 ",0.2 ,0.2 ,0.2 ,"7,704,339.3 ",41.9 ,43.7 ,38.1 
"2,712.2 ","2,824.4 ","2,640.0 ","45,259,190.9 ","31,711,645.7 ",221.1 ,233.2 ,204.1 ,"3,762,152.5 ",0.2 ,0.2 ,0.2 ,"6,138,305.0 ",42.5 ,44.5 ,40.2 
"2,720.0 ","2,758.5 ","2,667.7 ","19,480,081.1 ","8,711,315.5 ",223.7 ,224.6 ,215.1 ,"1,592,565.9 ",0.2 ,0.2 ,0.2 ,"1,923,420.0 ",42.1 ,43.2 ,41.4 
"2,813.8 ","2,813.8 ","2,717.1 ","17,116,911.9 ","10,070,477.0 ",225.2 ,228.7 ,222.2 ,"1,060,281.9 ",0.2 ,0.2 ,0.2 ,"1,388,867.2 ",42.6 ,43.0 ,42.1 
"3,122.0 ","3,199.0 ","2,809.0 ","41,601,463.7 ","12,292,421.9 ",234.6 ,235.8 ,219.4 ,"1,971,973.1 ",0.2 ,0.2 ,0.2 ,"4,161,294.6 ",45.5 ,46.4 ,42.4 
"3,175.0 ","3,333.0 ","3,121.1 ","43,088,954.9 ","33,133,819.1 ",252.0 ,266.5 ,232.7 ,"3,296,655.2 ",0.2 ,0.2 ,0.2 ,"3,307,440.6 ",45.5 ,47.0 ,45.2 
"3,245.0 ","3,309.0 ","3,151.0 ","24,205,144.2 ","20,845,780.4 ",262.2 ,273.0 ,251.0 ,"1,906,858.5 ",0.2 ,0.2 ,0.2 ,"2,137,830.4 ",45.4 ,46.3 ,45.0 
